3.092964000000000000e+06,6.206000000000000000e+03
3.092984000000000000e+06,6.197000000000000000e+03
3.093004000000000000e+06,6.185000000000000000e+03
3.093024000000000000e+06,6.200000000000000000e+03
3.093044000000000000e+06,6.187000000000000000e+03
3.093064000000000000e+06,6.193000000000000000e+03
3.093084000000000000e+06,6.193000000000000000e+03
3.093104000000000000e+06,6.196000000000000000e+03
3.093124000000000000e+06,6.194000000000000000e+03
3.093144000000000000e+06,6.201000000000000000e+03
3.093164000000000000e+06,6.196000000000000000e+03
3.093184000000000000e+06,6.201000000000000000e+03
3.093204000000000000e+06,6.198000000000000000e+03
3.093224000000000000e+06,6.208000000000000000e+03
3.093244000000000000e+06,6.194000000000000000e+03
3.093264000000000000e+06,6.212000000000000000e+03
3.093284000000000000e+06,6.207000000000000000e+03
3.093304000000000000e+06,6.231000000000000000e+03
3.093324000000000000e+06,6.240000000000000000e+03
3.093344000000000000e+06,6.247000000000000000e+03
3.093364000000000000e+06,6.232000000000000000e+03
3.093384000000000000e+06,6.235000000000000000e+03
3.093404000000000000e+06,6.225000000000000000e+03
3.093424000000000000e+06,6.227000000000000000e+03
3.093444000000000000e+06,6.219000000000000000e+03
3.093464000000000000e+06,6.222000000000000000e+03
3.093484000000000000e+06,6.211000000000000000e+03
3.093504000000000000e+06,6.214000000000000000e+03
3.093524000000000000e+06,6.201000000000000000e+03
3.093544000000000000e+06,6.214000000000000000e+03
3.093564000000000000e+06,6.200000000000000000e+03
3.093584000000000000e+06,6.212000000000000000e+03
3.093604000000000000e+06,6.203000000000000000e+03
3.093624000000000000e+06,6.212000000000000000e+03
3.093644000000000000e+06,6.206000000000000000e+03
3.093664000000000000e+06,6.205000000000000000e+03
3.093684000000000000e+06,6.204000000000000000e+03
3.093704000000000000e+06,6.211000000000000000e+03
3.093724000000000000e+06,6.226000000000000000e+03
3.093744000000000000e+06,6.239000000000000000e+03
3.093764000000000000e+06,6.250000000000000000e+03
3.093784000000000000e+06,6.252000000000000000e+03
3.093804000000000000e+06,6.243000000000000000e+03
3.093824000000000000e+06,6.245000000000000000e+03
3.093844000000000000e+06,6.231000000000000000e+03
3.093864000000000000e+06,6.232000000000000000e+03
3.093884000000000000e+06,6.218000000000000000e+03
3.093904000000000000e+06,6.220000000000000000e+03
3.093924000000000000e+06,6.210000000000000000e+03
3.093944000000000000e+06,6.211000000000000000e+03
3.093964000000000000e+06,6.207000000000000000e+03
3.093984000000000000e+06,6.206000000000000000e+03
3.094004000000000000e+06,6.205000000000000000e+03
3.094024000000000000e+06,6.207000000000000000e+03
3.094044000000000000e+06,6.206000000000000000e+03
3.094064000000000000e+06,6.206000000000000000e+03
3.094084000000000000e+06,6.200000000000000000e+03
3.094104000000000000e+06,6.203000000000000000e+03
3.094124000000000000e+06,6.203000000000000000e+03
3.094144000000000000e+06,6.202000000000000000e+03
3.094164000000000000e+06,6.218000000000000000e+03
3.094184000000000000e+06,6.223000000000000000e+03
3.094204000000000000e+06,6.240000000000000000e+03
3.094224000000000000e+06,6.242000000000000000e+03
3.094244000000000000e+06,6.232000000000000000e+03
3.094264000000000000e+06,6.224000000000000000e+03
3.094284000000000000e+06,6.206000000000000000e+03
3.094304000000000000e+06,6.206000000000000000e+03
3.094324000000000000e+06,6.191000000000000000e+03
3.094344000000000000e+06,6.192000000000000000e+03
3.094364000000000000e+06,6.185000000000000000e+03
3.094384000000000000e+06,6.185000000000000000e+03
3.094404000000000000e+06,6.186000000000000000e+03
3.094424000000000000e+06,6.188000000000000000e+03
3.094444000000000000e+06,6.189000000000000000e+03
3.094464000000000000e+06,6.192000000000000000e+03
3.094484000000000000e+06,6.195000000000000000e+03
3.094504000000000000e+06,6.194000000000000000e+03
3.094524000000000000e+06,6.187000000000000000e+03
3.094544000000000000e+06,6.187000000000000000e+03
3.094564000000000000e+06,6.184000000000000000e+03
3.094584000000000000e+06,6.184000000000000000e+03
3.094604000000000000e+06,6.208000000000000000e+03
3.094624000000000000e+06,6.217000000000000000e+03
3.094644000000000000e+06,6.239000000000000000e+03
3.094664000000000000e+06,6.241000000000000000e+03
3.094684000000000000e+06,6.229000000000000000e+03
3.094704000000000000e+06,6.227000000000000000e+03
3.094724000000000000e+06,6.204000000000000000e+03
3.094744000000000000e+06,6.199000000000000000e+03
3.094764000000000000e+06,6.196000000000000000e+03
3.094784000000000000e+06,6.195000000000000000e+03
3.094804000000000000e+06,6.184000000000000000e+03
3.094824000000000000e+06,6.183000000000000000e+03
3.094844000000000000e+06,6.191000000000000000e+03
3.094864000000000000e+06,6.189000000000000000e+03
3.094884000000000000e+06,6.187000000000000000e+03
3.094910000000000000e+06,6.197000000000000000e+03
3.094924000000000000e+06,6.193000000000000000e+03
3.094944000000000000e+06,6.186000000000000000e+03
3.094964000000000000e+06,6.184000000000000000e+03
3.094984000000000000e+06,6.187000000000000000e+03
3.095004000000000000e+06,6.185000000000000000e+03
3.095024000000000000e+06,6.187000000000000000e+03
3.095044000000000000e+06,6.213000000000000000e+03
3.095064000000000000e+06,6.219000000000000000e+03
3.095084000000000000e+06,6.233000000000000000e+03
3.095104000000000000e+06,6.237000000000000000e+03
3.095124000000000000e+06,6.231000000000000000e+03
3.095144000000000000e+06,6.227000000000000000e+03
3.095164000000000000e+06,6.213000000000000000e+03
3.095184000000000000e+06,6.208000000000000000e+03
3.095204000000000000e+06,6.197000000000000000e+03
3.095224000000000000e+06,6.193000000000000000e+03
3.095244000000000000e+06,6.191000000000000000e+03
3.095264000000000000e+06,6.189000000000000000e+03
3.095284000000000000e+06,6.186000000000000000e+03
3.095304000000000000e+06,6.192000000000000000e+03
3.095324000000000000e+06,6.195000000000000000e+03
3.095344000000000000e+06,6.197000000000000000e+03
3.095364000000000000e+06,6.198000000000000000e+03
3.095384000000000000e+06,6.201000000000000000e+03
3.095404000000000000e+06,6.203000000000000000e+03
3.095424000000000000e+06,6.196000000000000000e+03
3.095444000000000000e+06,6.201000000000000000e+03
3.095464000000000000e+06,6.206000000000000000e+03
3.095484000000000000e+06,6.221000000000000000e+03
3.095504000000000000e+06,6.228000000000000000e+03
3.095524000000000000e+06,6.249000000000000000e+03
3.095544000000000000e+06,6.250000000000000000e+03
3.095564000000000000e+06,6.241000000000000000e+03
3.095584000000000000e+06,6.237000000000000000e+03
3.095604000000000000e+06,6.230000000000000000e+03
3.095624000000000000e+06,6.217000000000000000e+03
3.095644000000000000e+06,6.213000000000000000e+03
3.095664000000000000e+06,6.213000000000000000e+03
3.095684000000000000e+06,6.214000000000000000e+03
3.095704000000000000e+06,6.214000000000000000e+03
3.095724000000000000e+06,6.212000000000000000e+03
3.095744000000000000e+06,6.212000000000000000e+03
3.095764000000000000e+06,6.224000000000000000e+03
3.095784000000000000e+06,6.225000000000000000e+03
3.095804000000000000e+06,6.232000000000000000e+03
3.095824000000000000e+06,6.226000000000000000e+03
3.095844000000000000e+06,6.232000000000000000e+03
3.095864000000000000e+06,6.225000000000000000e+03
3.095884000000000000e+06,6.216000000000000000e+03
3.095904000000000000e+06,6.219000000000000000e+03
3.095924000000000000e+06,6.241000000000000000e+03
3.095944000000000000e+06,6.246000000000000000e+03
3.095964000000000000e+06,6.262000000000000000e+03
3.095984000000000000e+06,6.274000000000000000e+03
3.096004000000000000e+06,6.274000000000000000e+03
3.096024000000000000e+06,6.270000000000000000e+03
3.096044000000000000e+06,6.252000000000000000e+03
3.096064000000000000e+06,6.250000000000000000e+03
3.096084000000000000e+06,6.239000000000000000e+03
3.096104000000000000e+06,6.235000000000000000e+03
3.096124000000000000e+06,6.231000000000000000e+03
3.096144000000000000e+06,6.228000000000000000e+03
3.096164000000000000e+06,6.233000000000000000e+03
3.096184000000000000e+06,6.231000000000000000e+03
3.096204000000000000e+06,6.241000000000000000e+03
3.096224000000000000e+06,6.243000000000000000e+03
3.096244000000000000e+06,6.245000000000000000e+03
3.096264000000000000e+06,6.253000000000000000e+03
3.096284000000000000e+06,6.250000000000000000e+03
3.096304000000000000e+06,6.247000000000000000e+03
3.096324000000000000e+06,6.251000000000000000e+03
3.096344000000000000e+06,6.242000000000000000e+03
3.096364000000000000e+06,6.262000000000000000e+03
3.096384000000000000e+06,6.270000000000000000e+03
3.096404000000000000e+06,6.297000000000000000e+03
3.096424000000000000e+06,6.295000000000000000e+03
3.096444000000000000e+06,6.294000000000000000e+03
3.096464000000000000e+06,6.292000000000000000e+03
3.096484000000000000e+06,6.285000000000000000e+03
3.096504000000000000e+06,6.278000000000000000e+03
3.096524000000000000e+06,6.273000000000000000e+03
3.096544000000000000e+06,6.266000000000000000e+03
3.096564000000000000e+06,6.257000000000000000e+03
3.096584000000000000e+06,6.258000000000000000e+03
3.096604000000000000e+06,6.258000000000000000e+03
3.096624000000000000e+06,6.255000000000000000e+03
3.096644000000000000e+06,6.256000000000000000e+03
3.096664000000000000e+06,6.257000000000000000e+03
3.096684000000000000e+06,6.265000000000000000e+03
3.096704000000000000e+06,6.264000000000000000e+03
3.096724000000000000e+06,6.258000000000000000e+03
3.096744000000000000e+06,6.256000000000000000e+03
3.096764000000000000e+06,6.251000000000000000e+03
3.096784000000000000e+06,6.254000000000000000e+03
3.096804000000000000e+06,6.270000000000000000e+03
3.096824000000000000e+06,6.282000000000000000e+03
3.096844000000000000e+06,6.298000000000000000e+03
3.096864000000000000e+06,6.298000000000000000e+03
3.096884000000000000e+06,6.294000000000000000e+03
3.096911000000000000e+06,6.289000000000000000e+03
3.096924000000000000e+06,6.290000000000000000e+03
3.096944000000000000e+06,6.281000000000000000e+03
3.096964000000000000e+06,6.270000000000000000e+03
3.096984000000000000e+06,6.269000000000000000e+03
3.097004000000000000e+06,6.258000000000000000e+03
3.097024000000000000e+06,6.259000000000000000e+03
3.097044000000000000e+06,6.255000000000000000e+03
3.097064000000000000e+06,6.259000000000000000e+03
3.097084000000000000e+06,6.260000000000000000e+03
3.097104000000000000e+06,6.265000000000000000e+03
3.097124000000000000e+06,6.261000000000000000e+03
3.097144000000000000e+06,6.260000000000000000e+03
3.097164000000000000e+06,6.257000000000000000e+03
3.097184000000000000e+06,6.256000000000000000e+03
3.097204000000000000e+06,6.256000000000000000e+03
3.097224000000000000e+06,6.256000000000000000e+03
3.097244000000000000e+06,6.268000000000000000e+03
3.097264000000000000e+06,6.278000000000000000e+03
3.097284000000000000e+06,6.289000000000000000e+03
3.097304000000000000e+06,6.301000000000000000e+03
3.097324000000000000e+06,6.302000000000000000e+03
3.097344000000000000e+06,6.301000000000000000e+03
3.097364000000000000e+06,6.288000000000000000e+03
3.097384000000000000e+06,6.283000000000000000e+03
3.097404000000000000e+06,6.275000000000000000e+03
3.097424000000000000e+06,6.271000000000000000e+03
3.097444000000000000e+06,6.261000000000000000e+03
3.097464000000000000e+06,6.261000000000000000e+03
3.097484000000000000e+06,6.265000000000000000e+03
3.097504000000000000e+06,6.262000000000000000e+03
3.097524000000000000e+06,6.266000000000000000e+03
3.097544000000000000e+06,6.269000000000000000e+03
3.097564000000000000e+06,6.264000000000000000e+03
3.097584000000000000e+06,6.262000000000000000e+03
3.097604000000000000e+06,6.264000000000000000e+03
3.097624000000000000e+06,6.262000000000000000e+03
3.097644000000000000e+06,6.265000000000000000e+03
3.097664000000000000e+06,6.255000000000000000e+03
3.097684000000000000e+06,6.277000000000000000e+03
3.097704000000000000e+06,6.279000000000000000e+03
3.097724000000000000e+06,6.302000000000000000e+03
3.097744000000000000e+06,6.310000000000000000e+03
3.097764000000000000e+06,6.304000000000000000e+03
3.097784000000000000e+06,6.298000000000000000e+03
3.097804000000000000e+06,6.290000000000000000e+03
3.097824000000000000e+06,6.279000000000000000e+03
3.097844000000000000e+06,6.266000000000000000e+03
3.097864000000000000e+06,6.266000000000000000e+03
3.097884000000000000e+06,6.266000000000000000e+03
3.097904000000000000e+06,6.263000000000000000e+03
3.097924000000000000e+06,6.262000000000000000e+03
3.097944000000000000e+06,6.255000000000000000e+03
3.097964000000000000e+06,6.257000000000000000e+03
3.097984000000000000e+06,6.255000000000000000e+03
3.098004000000000000e+06,6.263000000000000000e+03
3.098024000000000000e+06,6.261000000000000000e+03
3.098044000000000000e+06,6.265000000000000000e+03
3.098064000000000000e+06,6.262000000000000000e+03
3.098084000000000000e+06,6.258000000000000000e+03
3.098104000000000000e+06,6.258000000000000000e+03
3.098124000000000000e+06,6.267000000000000000e+03
3.098144000000000000e+06,6.276000000000000000e+03
3.098164000000000000e+06,6.297000000000000000e+03
3.098184000000000000e+06,6.301000000000000000e+03
3.098204000000000000e+06,6.308000000000000000e+03
3.098224000000000000e+06,6.307000000000000000e+03
3.098244000000000000e+06,6.296000000000000000e+03
3.098264000000000000e+06,6.293000000000000000e+03
3.098284000000000000e+06,6.283000000000000000e+03
3.098304000000000000e+06,6.283000000000000000e+03
3.098324000000000000e+06,6.273000000000000000e+03
3.098344000000000000e+06,6.275000000000000000e+03
3.098364000000000000e+06,6.269000000000000000e+03
3.098384000000000000e+06,6.268000000000000000e+03
3.098404000000000000e+06,6.273000000000000000e+03
3.098424000000000000e+06,6.272000000000000000e+03
3.098444000000000000e+06,6.266000000000000000e+03
3.098464000000000000e+06,6.268000000000000000e+03
3.098484000000000000e+06,6.274000000000000000e+03
3.098504000000000000e+06,6.270000000000000000e+03
3.098524000000000000e+06,6.264000000000000000e+03
3.098544000000000000e+06,6.263000000000000000e+03
3.098564000000000000e+06,6.265000000000000000e+03
3.098584000000000000e+06,6.269000000000000000e+03
3.098604000000000000e+06,6.291000000000000000e+03
3.098624000000000000e+06,6.299000000000000000e+03
3.098644000000000000e+06,6.310000000000000000e+03
3.098664000000000000e+06,6.311000000000000000e+03
3.098684000000000000e+06,6.298000000000000000e+03
3.098704000000000000e+06,6.295000000000000000e+03
3.098724000000000000e+06,6.293000000000000000e+03
3.098744000000000000e+06,6.286000000000000000e+03
3.098764000000000000e+06,6.278000000000000000e+03
3.098784000000000000e+06,6.275000000000000000e+03
3.098804000000000000e+06,6.280000000000000000e+03
3.098824000000000000e+06,6.271000000000000000e+03
3.098844000000000000e+06,6.273000000000000000e+03
3.098864000000000000e+06,6.278000000000000000e+03
3.098884000000000000e+06,6.281000000000000000e+03
3.098911000000000000e+06,6.282000000000000000e+03
3.098924000000000000e+06,6.290000000000000000e+03
3.098944000000000000e+06,6.285000000000000000e+03
3.098964000000000000e+06,6.286000000000000000e+03
3.098984000000000000e+06,6.280000000000000000e+03
3.099004000000000000e+06,6.281000000000000000e+03
3.099024000000000000e+06,6.281000000000000000e+03
3.099044000000000000e+06,6.311000000000000000e+03
3.099064000000000000e+06,6.310000000000000000e+03
3.099084000000000000e+06,6.330000000000000000e+03
3.099104000000000000e+06,6.326000000000000000e+03
3.099124000000000000e+06,6.324000000000000000e+03
3.099144000000000000e+06,6.314000000000000000e+03
3.099164000000000000e+06,6.312000000000000000e+03
3.099184000000000000e+06,6.313000000000000000e+03
3.099204000000000000e+06,6.311000000000000000e+03
3.099224000000000000e+06,6.301000000000000000e+03
3.099244000000000000e+06,6.305000000000000000e+03
3.099264000000000000e+06,6.294000000000000000e+03
3.099284000000000000e+06,6.302000000000000000e+03
3.099304000000000000e+06,6.296000000000000000e+03
3.099324000000000000e+06,6.303000000000000000e+03
3.099344000000000000e+06,6.300000000000000000e+03
3.099364000000000000e+06,6.313000000000000000e+03
3.099384000000000000e+06,6.300000000000000000e+03
3.099404000000000000e+06,6.300000000000000000e+03
3.099424000000000000e+06,6.297000000000000000e+03
3.099444000000000000e+06,6.298000000000000000e+03
3.099464000000000000e+06,6.300000000000000000e+03
3.099484000000000000e+06,6.322000000000000000e+03
3.099504000000000000e+06,6.328000000000000000e+03
3.099524000000000000e+06,6.341000000000000000e+03
3.099544000000000000e+06,6.339000000000000000e+03
3.099564000000000000e+06,6.335000000000000000e+03
3.099584000000000000e+06,6.324000000000000000e+03
3.099604000000000000e+06,6.326000000000000000e+03
3.099624000000000000e+06,6.319000000000000000e+03
3.099644000000000000e+06,6.316000000000000000e+03
3.099664000000000000e+06,6.306000000000000000e+03
3.099684000000000000e+06,6.302000000000000000e+03
3.099704000000000000e+06,6.297000000000000000e+03
3.099724000000000000e+06,6.302000000000000000e+03
3.099744000000000000e+06,6.302000000000000000e+03
3.099764000000000000e+06,6.300000000000000000e+03
3.099784000000000000e+06,6.297000000000000000e+03
3.099804000000000000e+06,6.309000000000000000e+03
3.099824000000000000e+06,6.304000000000000000e+03
3.099844000000000000e+06,6.300000000000000000e+03
3.099864000000000000e+06,6.300000000000000000e+03
3.099884000000000000e+06,6.300000000000000000e+03
3.099904000000000000e+06,6.302000000000000000e+03
3.099924000000000000e+06,6.318000000000000000e+03
3.099944000000000000e+06,6.325000000000000000e+03
3.099964000000000000e+06,6.343000000000000000e+03
3.099984000000000000e+06,6.345000000000000000e+03
3.100004000000000000e+06,6.343000000000000000e+03
3.100024000000000000e+06,6.333000000000000000e+03
3.100044000000000000e+06,6.322000000000000000e+03
3.100064000000000000e+06,6.311000000000000000e+03
3.100084000000000000e+06,6.309000000000000000e+03
3.100104000000000000e+06,6.304000000000000000e+03
3.100124000000000000e+06,6.296000000000000000e+03
3.100144000000000000e+06,6.302000000000000000e+03
3.100164000000000000e+06,6.290000000000000000e+03
3.100184000000000000e+06,6.292000000000000000e+03
3.100204000000000000e+06,6.293000000000000000e+03
3.100224000000000000e+06,6.299000000000000000e+03
3.100244000000000000e+06,6.294000000000000000e+03
3.100264000000000000e+06,6.297000000000000000e+03
3.100284000000000000e+06,6.294000000000000000e+03
3.100304000000000000e+06,6.294000000000000000e+03
3.100324000000000000e+06,6.289000000000000000e+03
3.100344000000000000e+06,6.291000000000000000e+03
3.100364000000000000e+06,6.317000000000000000e+03
3.100384000000000000e+06,6.317000000000000000e+03
3.100404000000000000e+06,6.341000000000000000e+03
3.100424000000000000e+06,6.342000000000000000e+03
3.100444000000000000e+06,6.338000000000000000e+03
3.100464000000000000e+06,6.334000000000000000e+03
3.100484000000000000e+06,6.321000000000000000e+03
3.100504000000000000e+06,6.319000000000000000e+03
3.100524000000000000e+06,6.312000000000000000e+03
3.100544000000000000e+06,6.310000000000000000e+03
3.100564000000000000e+06,6.303000000000000000e+03
3.100584000000000000e+06,6.302000000000000000e+03
3.100604000000000000e+06,6.300000000000000000e+03
3.100624000000000000e+06,6.302000000000000000e+03
3.100644000000000000e+06,6.301000000000000000e+03
3.100664000000000000e+06,6.304000000000000000e+03
3.100684000000000000e+06,6.301000000000000000e+03
3.100704000000000000e+06,6.299000000000000000e+03
3.100724000000000000e+06,6.299000000000000000e+03
3.100744000000000000e+06,6.301000000000000000e+03
3.100764000000000000e+06,6.296000000000000000e+03
3.100784000000000000e+06,6.296000000000000000e+03
3.100804000000000000e+06,6.304000000000000000e+03
3.100824000000000000e+06,6.308000000000000000e+03
3.100844000000000000e+06,6.334000000000000000e+03
3.100864000000000000e+06,6.335000000000000000e+03
3.100884000000000000e+06,6.338000000000000000e+03
3.100911000000000000e+06,6.341000000000000000e+03
3.100924000000000000e+06,6.325000000000000000e+03
3.100944000000000000e+06,6.325000000000000000e+03
3.100964000000000000e+06,6.309000000000000000e+03
3.100984000000000000e+06,6.308000000000000000e+03
3.101004000000000000e+06,6.292000000000000000e+03
3.101024000000000000e+06,6.297000000000000000e+03
3.101044000000000000e+06,6.288000000000000000e+03
3.101064000000000000e+06,6.301000000000000000e+03
3.101084000000000000e+06,6.293000000000000000e+03
3.101104000000000000e+06,6.302000000000000000e+03
3.101124000000000000e+06,6.301000000000000000e+03
3.101144000000000000e+06,6.299000000000000000e+03
3.101164000000000000e+06,6.299000000000000000e+03
3.101184000000000000e+06,6.302000000000000000e+03
3.101204000000000000e+06,6.293000000000000000e+03
3.101224000000000000e+06,6.297000000000000000e+03
3.101244000000000000e+06,6.298000000000000000e+03
3.101264000000000000e+06,6.294000000000000000e+03
3.101284000000000000e+06,6.324000000000000000e+03
3.101304000000000000e+06,6.329000000000000000e+03
3.101324000000000000e+06,6.339000000000000000e+03
3.101344000000000000e+06,6.338000000000000000e+03
3.101364000000000000e+06,6.330000000000000000e+03
3.101384000000000000e+06,6.328000000000000000e+03
3.101404000000000000e+06,6.320000000000000000e+03
3.101424000000000000e+06,6.311000000000000000e+03
3.101444000000000000e+06,6.305000000000000000e+03
3.101464000000000000e+06,6.303000000000000000e+03
3.101484000000000000e+06,6.294000000000000000e+03
3.101504000000000000e+06,6.297000000000000000e+03
3.101524000000000000e+06,6.290000000000000000e+03
3.101544000000000000e+06,6.294000000000000000e+03
3.101564000000000000e+06,6.294000000000000000e+03
3.101584000000000000e+06,6.304000000000000000e+03
3.101604000000000000e+06,6.304000000000000000e+03
3.101624000000000000e+06,6.300000000000000000e+03
3.101644000000000000e+06,6.297000000000000000e+03
3.101664000000000000e+06,6.293000000000000000e+03
3.101685000000000000e+06,6.295000000000000000e+03
3.101705000000000000e+06,6.294000000000000000e+03
3.101725000000000000e+06,6.308000000000000000e+03
3.101745000000000000e+06,6.314000000000000000e+03
3.101765000000000000e+06,6.337000000000000000e+03
3.101785000000000000e+06,6.341000000000000000e+03
3.101805000000000000e+06,6.333000000000000000e+03
3.101825000000000000e+06,6.336000000000000000e+03
3.101845000000000000e+06,6.328000000000000000e+03
3.101865000000000000e+06,6.319000000000000000e+03
3.101885000000000000e+06,6.310000000000000000e+03
3.101905000000000000e+06,6.314000000000000000e+03
3.101925000000000000e+06,6.302000000000000000e+03
3.101945000000000000e+06,6.302000000000000000e+03
3.101965000000000000e+06,6.297000000000000000e+03
3.101985000000000000e+06,6.295000000000000000e+03
3.102005000000000000e+06,6.302000000000000000e+03
3.102025000000000000e+06,6.305000000000000000e+03
3.102045000000000000e+06,6.300000000000000000e+03
3.102065000000000000e+06,6.304000000000000000e+03
3.102085000000000000e+06,6.305000000000000000e+03
3.102105000000000000e+06,6.307000000000000000e+03
3.102125000000000000e+06,6.304000000000000000e+03
3.102145000000000000e+06,6.305000000000000000e+03
3.102165000000000000e+06,6.303000000000000000e+03
3.102185000000000000e+06,6.309000000000000000e+03
3.102205000000000000e+06,6.332000000000000000e+03
3.102225000000000000e+06,6.342000000000000000e+03
3.102245000000000000e+06,6.346000000000000000e+03
3.102265000000000000e+06,6.345000000000000000e+03
3.102285000000000000e+06,6.338000000000000000e+03
3.102305000000000000e+06,6.333000000000000000e+03
3.102325000000000000e+06,6.318000000000000000e+03
3.102345000000000000e+06,6.315000000000000000e+03
3.102365000000000000e+06,6.309000000000000000e+03
3.102385000000000000e+06,6.306000000000000000e+03
3.102405000000000000e+06,6.294000000000000000e+03
3.102425000000000000e+06,6.299000000000000000e+03
3.102445000000000000e+06,6.294000000000000000e+03
3.102465000000000000e+06,6.300000000000000000e+03
3.102485000000000000e+06,6.291000000000000000e+03
3.102505000000000000e+06,6.299000000000000000e+03
3.102525000000000000e+06,6.300000000000000000e+03
3.102545000000000000e+06,6.298000000000000000e+03
3.102565000000000000e+06,6.297000000000000000e+03
3.102585000000000000e+06,6.296000000000000000e+03
3.102605000000000000e+06,6.289000000000000000e+03
3.102625000000000000e+06,6.293000000000000000e+03
3.102645000000000000e+06,6.311000000000000000e+03
3.102665000000000000e+06,6.319000000000000000e+03
3.102685000000000000e+06,6.342000000000000000e+03
3.102705000000000000e+06,6.336000000000000000e+03
3.102725000000000000e+06,6.334000000000000000e+03
3.102745000000000000e+06,6.331000000000000000e+03
3.102765000000000000e+06,6.322000000000000000e+03
3.102785000000000000e+06,6.312000000000000000e+03
3.102805000000000000e+06,6.304000000000000000e+03
3.102825000000000000e+06,6.304000000000000000e+03
3.102845000000000000e+06,6.298000000000000000e+03
3.102865000000000000e+06,6.291000000000000000e+03
3.102885000000000000e+06,6.294000000000000000e+03
3.102911000000000000e+06,6.280000000000000000e+03
3.102925000000000000e+06,6.301000000000000000e+03
3.102945000000000000e+06,6.297000000000000000e+03
3.102965000000000000e+06,6.303000000000000000e+03
3.102985000000000000e+06,6.299000000000000000e+03
3.103005000000000000e+06,6.310000000000000000e+03
3.103025000000000000e+06,6.293000000000000000e+03
3.103045000000000000e+06,6.297000000000000000e+03
3.103065000000000000e+06,6.287000000000000000e+03
3.103085000000000000e+06,6.305000000000000000e+03
3.103105000000000000e+06,6.304000000000000000e+03
3.103125000000000000e+06,6.337000000000000000e+03
3.103145000000000000e+06,6.332000000000000000e+03
3.103165000000000000e+06,6.346000000000000000e+03
3.103185000000000000e+06,6.327000000000000000e+03
3.103205000000000000e+06,6.338000000000000000e+03
3.103225000000000000e+06,6.322000000000000000e+03
3.103245000000000000e+06,6.325000000000000000e+03
3.103265000000000000e+06,6.305000000000000000e+03
3.103285000000000000e+06,6.310000000000000000e+03
3.103305000000000000e+06,6.296000000000000000e+03
3.103325000000000000e+06,6.298000000000000000e+03
3.103345000000000000e+06,6.289000000000000000e+03
3.103365000000000000e+06,6.298000000000000000e+03
3.103385000000000000e+06,6.295000000000000000e+03
3.103405000000000000e+06,6.302000000000000000e+03
3.103425000000000000e+06,6.297000000000000000e+03
3.103445000000000000e+06,6.298000000000000000e+03
3.103465000000000000e+06,6.295000000000000000e+03
3.103485000000000000e+06,6.301000000000000000e+03
3.103505000000000000e+06,6.289000000000000000e+03
3.103525000000000000e+06,6.292000000000000000e+03
3.103545000000000000e+06,6.289000000000000000e+03
3.103565000000000000e+06,6.317000000000000000e+03
3.103585000000000000e+06,6.318000000000000000e+03
3.103605000000000000e+06,6.341000000000000000e+03
3.103625000000000000e+06,6.338000000000000000e+03
3.103645000000000000e+06,6.329000000000000000e+03
3.103665000000000000e+06,6.325000000000000000e+03
3.103685000000000000e+06,6.316000000000000000e+03
3.103705000000000000e+06,6.312000000000000000e+03
3.103725000000000000e+06,6.298000000000000000e+03
3.103745000000000000e+06,6.303000000000000000e+03
3.103765000000000000e+06,6.304000000000000000e+03
3.103785000000000000e+06,6.299000000000000000e+03
3.103805000000000000e+06,6.292000000000000000e+03
3.103825000000000000e+06,6.290000000000000000e+03
3.103845000000000000e+06,6.297000000000000000e+03
3.103865000000000000e+06,6.292000000000000000e+03
3.103885000000000000e+06,6.295000000000000000e+03
3.103905000000000000e+06,6.302000000000000000e+03
3.103925000000000000e+06,6.293000000000000000e+03
3.103945000000000000e+06,6.293000000000000000e+03
3.103965000000000000e+06,6.297000000000000000e+03
3.103985000000000000e+06,6.289000000000000000e+03
3.104005000000000000e+06,6.291000000000000000e+03
3.104025000000000000e+06,6.299000000000000000e+03
3.104045000000000000e+06,6.321000000000000000e+03
3.104065000000000000e+06,6.318000000000000000e+03
3.104085000000000000e+06,6.327000000000000000e+03
3.104105000000000000e+06,6.330000000000000000e+03
3.104125000000000000e+06,6.319000000000000000e+03
3.104145000000000000e+06,6.320000000000000000e+03
3.104165000000000000e+06,6.304000000000000000e+03
3.104185000000000000e+06,6.302000000000000000e+03
3.104205000000000000e+06,6.296000000000000000e+03
3.104225000000000000e+06,6.295000000000000000e+03
3.104245000000000000e+06,6.288000000000000000e+03
3.104265000000000000e+06,6.286000000000000000e+03
3.104285000000000000e+06,6.291000000000000000e+03
3.104305000000000000e+06,6.285000000000000000e+03
3.104325000000000000e+06,6.295000000000000000e+03
3.104345000000000000e+06,6.291000000000000000e+03
3.104365000000000000e+06,6.292000000000000000e+03
3.104385000000000000e+06,6.293000000000000000e+03
3.104405000000000000e+06,6.295000000000000000e+03
3.104425000000000000e+06,6.293000000000000000e+03
3.104445000000000000e+06,6.287000000000000000e+03
3.104465000000000000e+06,6.291000000000000000e+03
3.104485000000000000e+06,6.303000000000000000e+03
3.104505000000000000e+06,6.306000000000000000e+03
3.104525000000000000e+06,6.335000000000000000e+03
3.104545000000000000e+06,6.332000000000000000e+03
3.104565000000000000e+06,6.330000000000000000e+03
3.104585000000000000e+06,6.325000000000000000e+03
3.104605000000000000e+06,6.320000000000000000e+03
3.104625000000000000e+06,6.311000000000000000e+03
3.104645000000000000e+06,6.300000000000000000e+03
3.104665000000000000e+06,6.297000000000000000e+03
3.104685000000000000e+06,6.294000000000000000e+03
3.104705000000000000e+06,6.294000000000000000e+03
3.104725000000000000e+06,6.295000000000000000e+03
3.104745000000000000e+06,6.290000000000000000e+03
3.104765000000000000e+06,6.294000000000000000e+03
3.104785000000000000e+06,6.295000000000000000e+03
3.104805000000000000e+06,6.306000000000000000e+03
3.104825000000000000e+06,6.301000000000000000e+03
3.104845000000000000e+06,6.315000000000000000e+03
3.104865000000000000e+06,6.303000000000000000e+03
3.104885000000000000e+06,6.311000000000000000e+03
3.104911000000000000e+06,6.300000000000000000e+03
3.104925000000000000e+06,6.296000000000000000e+03
3.104945000000000000e+06,6.308000000000000000e+03
3.104965000000000000e+06,6.335000000000000000e+03
3.104985000000000000e+06,6.334000000000000000e+03
3.105005000000000000e+06,6.352000000000000000e+03
3.105025000000000000e+06,6.339000000000000000e+03
3.105045000000000000e+06,6.339000000000000000e+03
3.105065000000000000e+06,6.324000000000000000e+03
3.105085000000000000e+06,6.325000000000000000e+03
3.105105000000000000e+06,6.307000000000000000e+03
3.105125000000000000e+06,6.309000000000000000e+03
3.105145000000000000e+06,6.293000000000000000e+03
3.105165000000000000e+06,6.306000000000000000e+03
3.105185000000000000e+06,6.291000000000000000e+03
3.105205000000000000e+06,6.302000000000000000e+03
3.105225000000000000e+06,6.294000000000000000e+03
3.105245000000000000e+06,6.308000000000000000e+03
3.105265000000000000e+06,6.301000000000000000e+03
3.105285000000000000e+06,6.308000000000000000e+03
3.105305000000000000e+06,6.300000000000000000e+03
3.105325000000000000e+06,6.309000000000000000e+03
3.105345000000000000e+06,6.299000000000000000e+03
3.105365000000000000e+06,6.308000000000000000e+03
3.105385000000000000e+06,6.290000000000000000e+03
3.105405000000000000e+06,6.321000000000000000e+03
3.105425000000000000e+06,6.321000000000000000e+03
3.105445000000000000e+06,6.346000000000000000e+03
3.105465000000000000e+06,6.339000000000000000e+03
3.105485000000000000e+06,6.340000000000000000e+03
3.105505000000000000e+06,6.327000000000000000e+03
3.105525000000000000e+06,6.319000000000000000e+03
3.105545000000000000e+06,6.311000000000000000e+03
3.105565000000000000e+06,6.306000000000000000e+03
3.105585000000000000e+06,6.294000000000000000e+03
3.105605000000000000e+06,6.291000000000000000e+03
3.105625000000000000e+06,6.285000000000000000e+03
3.105645000000000000e+06,6.294000000000000000e+03
3.105665000000000000e+06,6.287000000000000000e+03
3.105685000000000000e+06,6.286000000000000000e+03
3.105705000000000000e+06,6.278000000000000000e+03
3.105725000000000000e+06,6.279000000000000000e+03
3.105745000000000000e+06,6.278000000000000000e+03
3.105765000000000000e+06,6.284000000000000000e+03
3.105785000000000000e+06,6.275000000000000000e+03
3.105805000000000000e+06,6.275000000000000000e+03
3.105825000000000000e+06,6.261000000000000000e+03
3.105845000000000000e+06,6.283000000000000000e+03
3.105865000000000000e+06,6.283000000000000000e+03
3.105885000000000000e+06,6.314000000000000000e+03
3.105905000000000000e+06,6.306000000000000000e+03
3.105925000000000000e+06,6.319000000000000000e+03
3.105945000000000000e+06,6.303000000000000000e+03
3.105965000000000000e+06,6.302000000000000000e+03
3.105985000000000000e+06,6.293000000000000000e+03
3.106005000000000000e+06,6.282000000000000000e+03
3.106025000000000000e+06,6.268000000000000000e+03
3.106045000000000000e+06,6.265000000000000000e+03
3.106065000000000000e+06,6.255000000000000000e+03
3.106085000000000000e+06,6.258000000000000000e+03
3.106105000000000000e+06,6.254000000000000000e+03
3.106125000000000000e+06,6.259000000000000000e+03
3.106145000000000000e+06,6.255000000000000000e+03
3.106165000000000000e+06,6.266000000000000000e+03
3.106185000000000000e+06,6.263000000000000000e+03
3.106205000000000000e+06,6.257000000000000000e+03
3.106225000000000000e+06,6.260000000000000000e+03
3.106245000000000000e+06,6.261000000000000000e+03
3.106265000000000000e+06,6.253000000000000000e+03
3.106285000000000000e+06,6.249000000000000000e+03
3.106305000000000000e+06,6.263000000000000000e+03
3.106325000000000000e+06,6.282000000000000000e+03
3.106345000000000000e+06,6.295000000000000000e+03
3.106365000000000000e+06,6.294000000000000000e+03
3.106385000000000000e+06,6.303000000000000000e+03
3.106405000000000000e+06,6.286000000000000000e+03
3.106425000000000000e+06,6.290000000000000000e+03
3.106445000000000000e+06,6.267000000000000000e+03
3.106465000000000000e+06,6.274000000000000000e+03
3.106485000000000000e+06,6.261000000000000000e+03
3.106505000000000000e+06,6.259000000000000000e+03
3.106525000000000000e+06,6.260000000000000000e+03
3.106545000000000000e+06,6.261000000000000000e+03
3.106565000000000000e+06,6.252000000000000000e+03
3.106585000000000000e+06,6.261000000000000000e+03
3.106605000000000000e+06,6.263000000000000000e+03
3.106625000000000000e+06,6.263000000000000000e+03
3.106645000000000000e+06,6.262000000000000000e+03
3.106665000000000000e+06,6.261000000000000000e+03
3.106685000000000000e+06,6.254000000000000000e+03
3.106705000000000000e+06,6.258000000000000000e+03
3.106725000000000000e+06,6.240000000000000000e+03
3.106745000000000000e+06,6.250000000000000000e+03
3.106765000000000000e+06,6.264000000000000000e+03
3.106785000000000000e+06,6.285000000000000000e+03
3.106805000000000000e+06,6.290000000000000000e+03
3.106825000000000000e+06,6.305000000000000000e+03
3.106845000000000000e+06,6.283000000000000000e+03
3.106865000000000000e+06,6.285000000000000000e+03
3.106885000000000000e+06,6.261000000000000000e+03
3.106911000000000000e+06,6.257000000000000000e+03
3.106925000000000000e+06,6.254000000000000000e+03
3.106945000000000000e+06,6.253000000000000000e+03
3.106965000000000000e+06,6.245000000000000000e+03
3.106985000000000000e+06,6.246000000000000000e+03
3.107005000000000000e+06,6.242000000000000000e+03
3.107025000000000000e+06,6.252000000000000000e+03
3.107045000000000000e+06,6.243000000000000000e+03
3.107065000000000000e+06,6.250000000000000000e+03
3.107085000000000000e+06,6.240000000000000000e+03
3.107105000000000000e+06,6.256000000000000000e+03
3.107125000000000000e+06,6.243000000000000000e+03
3.107145000000000000e+06,6.248000000000000000e+03
3.107165000000000000e+06,6.235000000000000000e+03
3.107185000000000000e+06,6.245000000000000000e+03
3.107205000000000000e+06,6.258000000000000000e+03
3.107225000000000000e+06,6.274000000000000000e+03
3.107245000000000000e+06,6.288000000000000000e+03
3.107265000000000000e+06,6.307000000000000000e+03
3.107285000000000000e+06,6.301000000000000000e+03
3.107305000000000000e+06,6.298000000000000000e+03
3.107325000000000000e+06,6.288000000000000000e+03
3.107345000000000000e+06,6.279000000000000000e+03
3.107365000000000000e+06,6.266000000000000000e+03
3.107385000000000000e+06,6.265000000000000000e+03
3.107405000000000000e+06,6.252000000000000000e+03
3.107425000000000000e+06,6.253000000000000000e+03
3.107445000000000000e+06,6.256000000000000000e+03
3.107465000000000000e+06,6.256000000000000000e+03
3.107485000000000000e+06,6.260000000000000000e+03
3.107505000000000000e+06,6.258000000000000000e+03
3.107525000000000000e+06,6.261000000000000000e+03
3.107545000000000000e+06,6.262000000000000000e+03
3.107565000000000000e+06,6.265000000000000000e+03
3.107585000000000000e+06,6.265000000000000000e+03
3.107605000000000000e+06,6.263000000000000000e+03
3.107625000000000000e+06,6.263000000000000000e+03
3.107645000000000000e+06,6.260000000000000000e+03
3.107665000000000000e+06,6.264000000000000000e+03
3.107685000000000000e+06,6.295000000000000000e+03
3.107705000000000000e+06,6.295000000000000000e+03
3.107725000000000000e+06,6.314000000000000000e+03
3.107745000000000000e+06,6.313000000000000000e+03
3.107765000000000000e+06,6.307000000000000000e+03
3.107785000000000000e+06,6.304000000000000000e+03
3.107805000000000000e+06,6.291000000000000000e+03
3.107825000000000000e+06,6.286000000000000000e+03
3.107845000000000000e+06,6.287000000000000000e+03
3.107865000000000000e+06,6.283000000000000000e+03
3.107885000000000000e+06,6.280000000000000000e+03
3.107905000000000000e+06,6.280000000000000000e+03
3.107925000000000000e+06,6.283000000000000000e+03
3.107945000000000000e+06,6.283000000000000000e+03
3.107965000000000000e+06,6.281000000000000000e+03
3.107985000000000000e+06,6.281000000000000000e+03
3.108005000000000000e+06,6.284000000000000000e+03
3.108025000000000000e+06,6.286000000000000000e+03
3.108045000000000000e+06,6.283000000000000000e+03
3.108065000000000000e+06,6.282000000000000000e+03
3.108085000000000000e+06,6.276000000000000000e+03
3.108105000000000000e+06,6.275000000000000000e+03
3.108125000000000000e+06,6.289000000000000000e+03
3.108145000000000000e+06,6.298000000000000000e+03
3.108165000000000000e+06,6.326000000000000000e+03
3.108185000000000000e+06,6.328000000000000000e+03
3.108205000000000000e+06,6.325000000000000000e+03
3.108225000000000000e+06,6.322000000000000000e+03
3.108245000000000000e+06,6.313000000000000000e+03
3.108265000000000000e+06,6.309000000000000000e+03
3.108285000000000000e+06,6.292000000000000000e+03
3.108305000000000000e+06,6.288000000000000000e+03
3.108325000000000000e+06,6.277000000000000000e+03
3.108345000000000000e+06,6.276000000000000000e+03
3.108365000000000000e+06,6.276000000000000000e+03
3.108385000000000000e+06,6.272000000000000000e+03
3.108405000000000000e+06,6.277000000000000000e+03
3.108425000000000000e+06,6.281000000000000000e+03
3.108445000000000000e+06,6.278000000000000000e+03
3.108465000000000000e+06,6.280000000000000000e+03
3.108485000000000000e+06,6.279000000000000000e+03
3.108505000000000000e+06,6.276000000000000000e+03
3.108525000000000000e+06,6.276000000000000000e+03
3.108545000000000000e+06,6.275000000000000000e+03
3.108565000000000000e+06,6.278000000000000000e+03
3.108585000000000000e+06,6.281000000000000000e+03
3.108605000000000000e+06,6.307000000000000000e+03
3.108625000000000000e+06,6.314000000000000000e+03
3.108645000000000000e+06,6.326000000000000000e+03
3.108665000000000000e+06,6.331000000000000000e+03
3.108685000000000000e+06,6.322000000000000000e+03
3.108705000000000000e+06,6.314000000000000000e+03
3.108725000000000000e+06,6.304000000000000000e+03
3.108745000000000000e+06,6.296000000000000000e+03
3.108765000000000000e+06,6.291000000000000000e+03
3.108785000000000000e+06,6.286000000000000000e+03
3.108805000000000000e+06,6.285000000000000000e+03
3.108825000000000000e+06,6.285000000000000000e+03
3.108845000000000000e+06,6.288000000000000000e+03
3.108865000000000000e+06,6.293000000000000000e+03
3.108885000000000000e+06,6.289000000000000000e+03
3.108911000000000000e+06,6.288000000000000000e+03
3.108925000000000000e+06,6.292000000000000000e+03
3.108945000000000000e+06,6.292000000000000000e+03
3.108965000000000000e+06,6.285000000000000000e+03
3.108985000000000000e+06,6.287000000000000000e+03
3.109005000000000000e+06,6.277000000000000000e+03
3.109025000000000000e+06,6.275000000000000000e+03
3.109045000000000000e+06,6.300000000000000000e+03
3.109065000000000000e+06,6.304000000000000000e+03
3.109085000000000000e+06,6.327000000000000000e+03
3.109105000000000000e+06,6.331000000000000000e+03
3.109125000000000000e+06,6.328000000000000000e+03
3.109145000000000000e+06,6.323000000000000000e+03
3.109165000000000000e+06,6.315000000000000000e+03
3.109185000000000000e+06,6.312000000000000000e+03
3.109205000000000000e+06,6.295000000000000000e+03
3.109225000000000000e+06,6.296000000000000000e+03
3.109245000000000000e+06,6.287000000000000000e+03
3.109265000000000000e+06,6.283000000000000000e+03
3.109285000000000000e+06,6.287000000000000000e+03
3.109305000000000000e+06,6.283000000000000000e+03
3.109325000000000000e+06,6.289000000000000000e+03
3.109345000000000000e+06,6.295000000000000000e+03
3.109365000000000000e+06,6.292000000000000000e+03
3.109385000000000000e+06,6.290000000000000000e+03
3.109405000000000000e+06,6.295000000000000000e+03
3.109425000000000000e+06,6.292000000000000000e+03
3.109445000000000000e+06,6.293000000000000000e+03
3.109465000000000000e+06,6.287000000000000000e+03
3.109485000000000000e+06,6.291000000000000000e+03
3.109505000000000000e+06,6.293000000000000000e+03
3.109525000000000000e+06,6.314000000000000000e+03
3.109545000000000000e+06,6.324000000000000000e+03
3.109565000000000000e+06,6.342000000000000000e+03
3.109585000000000000e+06,6.341000000000000000e+03
3.109605000000000000e+06,6.336000000000000000e+03
3.109625000000000000e+06,6.325000000000000000e+03
3.109645000000000000e+06,6.318000000000000000e+03
3.109665000000000000e+06,6.311000000000000000e+03
3.109685000000000000e+06,6.301000000000000000e+03
3.109705000000000000e+06,6.299000000000000000e+03
3.109725000000000000e+06,6.296000000000000000e+03
3.109745000000000000e+06,6.289000000000000000e+03
3.109765000000000000e+06,6.297000000000000000e+03
3.109785000000000000e+06,6.294000000000000000e+03
3.109805000000000000e+06,6.293000000000000000e+03
3.109825000000000000e+06,6.290000000000000000e+03
3.109845000000000000e+06,6.302000000000000000e+03
3.109865000000000000e+06,6.297000000000000000e+03
3.109885000000000000e+06,6.296000000000000000e+03
3.109905000000000000e+06,6.284000000000000000e+03
3.109925000000000000e+06,6.291000000000000000e+03
3.109945000000000000e+06,6.287000000000000000e+03
3.109965000000000000e+06,6.289000000000000000e+03
3.109985000000000000e+06,6.287000000000000000e+03
3.110005000000000000e+06,6.319000000000000000e+03
3.110025000000000000e+06,6.321000000000000000e+03
3.110045000000000000e+06,6.340000000000000000e+03
3.110065000000000000e+06,6.336000000000000000e+03
3.110085000000000000e+06,6.328000000000000000e+03
3.110105000000000000e+06,6.323000000000000000e+03
3.110125000000000000e+06,6.317000000000000000e+03
3.110145000000000000e+06,6.307000000000000000e+03
3.110165000000000000e+06,6.300000000000000000e+03
3.110185000000000000e+06,6.292000000000000000e+03
3.110205000000000000e+06,6.288000000000000000e+03
3.110225000000000000e+06,6.287000000000000000e+03
3.110245000000000000e+06,6.292000000000000000e+03
3.110265000000000000e+06,6.287000000000000000e+03
3.110285000000000000e+06,6.291000000000000000e+03
3.110305000000000000e+06,6.291000000000000000e+03
3.110325000000000000e+06,6.292000000000000000e+03
3.110345000000000000e+06,6.293000000000000000e+03
3.110365000000000000e+06,6.291000000000000000e+03
3.110385000000000000e+06,6.291000000000000000e+03
3.110405000000000000e+06,6.288000000000000000e+03
3.110425000000000000e+06,6.279000000000000000e+03
3.110445000000000000e+06,6.288000000000000000e+03
3.110465000000000000e+06,6.285000000000000000e+03
3.110485000000000000e+06,6.312000000000000000e+03
3.110505000000000000e+06,6.317000000000000000e+03
3.110525000000000000e+06,6.341000000000000000e+03
3.110545000000000000e+06,6.341000000000000000e+03
3.110565000000000000e+06,6.343000000000000000e+03
3.110585000000000000e+06,6.335000000000000000e+03
3.110605000000000000e+06,6.329000000000000000e+03
3.110625000000000000e+06,6.328000000000000000e+03
3.110645000000000000e+06,6.312000000000000000e+03
3.110665000000000000e+06,6.305000000000000000e+03
3.110685000000000000e+06,6.310000000000000000e+03
3.110705000000000000e+06,6.302000000000000000e+03
3.110725000000000000e+06,6.300000000000000000e+03
3.110745000000000000e+06,6.301000000000000000e+03
3.110765000000000000e+06,6.305000000000000000e+03
3.110785000000000000e+06,6.307000000000000000e+03
3.110805000000000000e+06,6.307000000000000000e+03
3.110825000000000000e+06,6.304000000000000000e+03
3.110845000000000000e+06,6.307000000000000000e+03
3.110865000000000000e+06,6.312000000000000000e+03
3.110885000000000000e+06,6.298000000000000000e+03
3.110912000000000000e+06,6.286000000000000000e+03
3.110925000000000000e+06,6.294000000000000000e+03
3.110945000000000000e+06,6.295000000000000000e+03
3.110965000000000000e+06,6.304000000000000000e+03
3.110985000000000000e+06,6.313000000000000000e+03
3.111005000000000000e+06,6.335000000000000000e+03
3.111025000000000000e+06,6.342000000000000000e+03
3.111045000000000000e+06,6.332000000000000000e+03
3.111065000000000000e+06,6.340000000000000000e+03
3.111085000000000000e+06,6.329000000000000000e+03
3.111105000000000000e+06,6.324000000000000000e+03
3.111125000000000000e+06,6.312000000000000000e+03
3.111145000000000000e+06,6.304000000000000000e+03
3.111165000000000000e+06,6.291000000000000000e+03
3.111185000000000000e+06,6.285000000000000000e+03
3.111205000000000000e+06,6.287000000000000000e+03
3.111225000000000000e+06,6.283000000000000000e+03
3.111245000000000000e+06,6.294000000000000000e+03
3.111265000000000000e+06,6.292000000000000000e+03
3.111285000000000000e+06,6.292000000000000000e+03
3.111305000000000000e+06,6.295000000000000000e+03
3.111325000000000000e+06,6.295000000000000000e+03
3.111345000000000000e+06,6.300000000000000000e+03
3.111365000000000000e+06,6.290000000000000000e+03
3.111385000000000000e+06,6.290000000000000000e+03
3.111405000000000000e+06,6.285000000000000000e+03
3.111425000000000000e+06,6.292000000000000000e+03
3.111445000000000000e+06,6.293000000000000000e+03
3.111465000000000000e+06,6.300000000000000000e+03
3.111485000000000000e+06,6.325000000000000000e+03
3.111505000000000000e+06,6.334000000000000000e+03
3.111525000000000000e+06,6.331000000000000000e+03
3.111545000000000000e+06,6.326000000000000000e+03
3.111565000000000000e+06,6.317000000000000000e+03
3.111585000000000000e+06,6.314000000000000000e+03
3.111605000000000000e+06,6.304000000000000000e+03
3.111625000000000000e+06,6.300000000000000000e+03
3.111645000000000000e+06,6.291000000000000000e+03
3.111665000000000000e+06,6.290000000000000000e+03
3.111685000000000000e+06,6.293000000000000000e+03
3.111705000000000000e+06,6.286000000000000000e+03
3.111725000000000000e+06,6.295000000000000000e+03
3.111745000000000000e+06,6.292000000000000000e+03
3.111765000000000000e+06,6.302000000000000000e+03
3.111785000000000000e+06,6.285000000000000000e+03
3.111805000000000000e+06,6.292000000000000000e+03
3.111825000000000000e+06,6.291000000000000000e+03
3.111845000000000000e+06,6.294000000000000000e+03
3.111865000000000000e+06,6.287000000000000000e+03
3.111885000000000000e+06,6.287000000000000000e+03
3.111905000000000000e+06,6.279000000000000000e+03
3.111925000000000000e+06,6.297000000000000000e+03
3.111945000000000000e+06,6.300000000000000000e+03
3.111965000000000000e+06,6.332000000000000000e+03
3.111985000000000000e+06,6.327000000000000000e+03
3.112005000000000000e+06,6.342000000000000000e+03
3.112025000000000000e+06,6.337000000000000000e+03
3.112045000000000000e+06,6.328000000000000000e+03
3.112065000000000000e+06,6.316000000000000000e+03
3.112085000000000000e+06,6.309000000000000000e+03
3.112105000000000000e+06,6.297000000000000000e+03
3.112125000000000000e+06,6.295000000000000000e+03
3.112145000000000000e+06,6.288000000000000000e+03
3.112165000000000000e+06,6.287000000000000000e+03
3.112185000000000000e+06,6.291000000000000000e+03
3.112205000000000000e+06,6.289000000000000000e+03
3.112225000000000000e+06,6.282000000000000000e+03
3.112245000000000000e+06,6.294000000000000000e+03
3.112265000000000000e+06,6.295000000000000000e+03
3.112285000000000000e+06,6.296000000000000000e+03
3.112305000000000000e+06,6.292000000000000000e+03
3.112325000000000000e+06,6.297000000000000000e+03
3.112345000000000000e+06,6.291000000000000000e+03
3.112365000000000000e+06,6.289000000000000000e+03
3.112385000000000000e+06,6.284000000000000000e+03
3.112405000000000000e+06,6.291000000000000000e+03
3.112425000000000000e+06,6.301000000000000000e+03
3.112445000000000000e+06,6.321000000000000000e+03
3.112465000000000000e+06,6.328000000000000000e+03
3.112485000000000000e+06,6.341000000000000000e+03
3.112505000000000000e+06,6.340000000000000000e+03
3.112525000000000000e+06,6.332000000000000000e+03
3.112545000000000000e+06,6.327000000000000000e+03
3.112565000000000000e+06,6.312000000000000000e+03
3.112585000000000000e+06,6.306000000000000000e+03
3.112605000000000000e+06,6.307000000000000000e+03
3.112625000000000000e+06,6.295000000000000000e+03
3.112645000000000000e+06,6.295000000000000000e+03
3.112665000000000000e+06,6.297000000000000000e+03
3.112685000000000000e+06,6.297000000000000000e+03
3.112705000000000000e+06,6.295000000000000000e+03
3.112725000000000000e+06,6.295000000000000000e+03
3.112745000000000000e+06,6.298000000000000000e+03
3.112765000000000000e+06,6.299000000000000000e+03
3.112785000000000000e+06,6.299000000000000000e+03
3.112805000000000000e+06,6.297000000000000000e+03
3.112825000000000000e+06,6.295000000000000000e+03
3.112845000000000000e+06,6.287000000000000000e+03
3.112865000000000000e+06,6.288000000000000000e+03
3.112885000000000000e+06,6.286000000000000000e+03
3.112912000000000000e+06,6.325000000000000000e+03
3.112925000000000000e+06,6.321000000000000000e+03
3.112945000000000000e+06,6.323000000000000000e+03
3.112965000000000000e+06,6.340000000000000000e+03
3.112985000000000000e+06,6.338000000000000000e+03
3.113005000000000000e+06,6.337000000000000000e+03
3.113025000000000000e+06,6.336000000000000000e+03
3.113045000000000000e+06,6.316000000000000000e+03
3.113065000000000000e+06,6.312000000000000000e+03
3.113085000000000000e+06,6.300000000000000000e+03
3.113105000000000000e+06,6.302000000000000000e+03
3.113125000000000000e+06,6.298000000000000000e+03
3.113145000000000000e+06,6.299000000000000000e+03
3.113165000000000000e+06,6.292000000000000000e+03
3.113185000000000000e+06,6.299000000000000000e+03
3.113205000000000000e+06,6.295000000000000000e+03
3.113225000000000000e+06,6.303000000000000000e+03
3.113245000000000000e+06,6.301000000000000000e+03
3.113265000000000000e+06,6.306000000000000000e+03
3.113285000000000000e+06,6.305000000000000000e+03
3.113305000000000000e+06,6.308000000000000000e+03
3.113325000000000000e+06,6.301000000000000000e+03
3.113345000000000000e+06,6.306000000000000000e+03
3.113365000000000000e+06,6.301000000000000000e+03
3.113385000000000000e+06,6.301000000000000000e+03
3.113405000000000000e+06,6.322000000000000000e+03
3.113425000000000000e+06,6.329000000000000000e+03
3.113445000000000000e+06,6.347000000000000000e+03
3.113465000000000000e+06,6.355000000000000000e+03
3.113485000000000000e+06,6.344000000000000000e+03
3.113505000000000000e+06,6.352000000000000000e+03
3.113525000000000000e+06,6.330000000000000000e+03
3.113545000000000000e+06,6.334000000000000000e+03
3.113565000000000000e+06,6.314000000000000000e+03
3.113585000000000000e+06,6.312000000000000000e+03
3.113605000000000000e+06,6.299000000000000000e+03
3.113625000000000000e+06,6.302000000000000000e+03
3.113645000000000000e+06,6.296000000000000000e+03
3.113665000000000000e+06,6.304000000000000000e+03
3.113685000000000000e+06,6.296000000000000000e+03
3.113705000000000000e+06,6.306000000000000000e+03
3.113725000000000000e+06,6.303000000000000000e+03
3.113745000000000000e+06,6.304000000000000000e+03
3.113765000000000000e+06,6.301000000000000000e+03
3.113785000000000000e+06,6.306000000000000000e+03
3.113805000000000000e+06,6.298000000000000000e+03
3.113825000000000000e+06,6.302000000000000000e+03
3.113845000000000000e+06,6.291000000000000000e+03
3.113865000000000000e+06,6.292000000000000000e+03
3.113885000000000000e+06,6.313000000000000000e+03
3.113905000000000000e+06,6.324000000000000000e+03
3.113925000000000000e+06,6.348000000000000000e+03
3.113945000000000000e+06,6.345000000000000000e+03
3.113965000000000000e+06,6.344000000000000000e+03
3.113985000000000000e+06,6.335000000000000000e+03
3.114005000000000000e+06,6.327000000000000000e+03
3.114025000000000000e+06,6.322000000000000000e+03
3.114045000000000000e+06,6.306000000000000000e+03
3.114065000000000000e+06,6.298000000000000000e+03
3.114085000000000000e+06,6.296000000000000000e+03
3.114105000000000000e+06,6.289000000000000000e+03
3.114125000000000000e+06,6.295000000000000000e+03
3.114145000000000000e+06,6.289000000000000000e+03
3.114165000000000000e+06,6.300000000000000000e+03
3.114185000000000000e+06,6.302000000000000000e+03
3.114205000000000000e+06,6.298000000000000000e+03
3.114225000000000000e+06,6.292000000000000000e+03
3.114245000000000000e+06,6.295000000000000000e+03
3.114265000000000000e+06,6.292000000000000000e+03
3.114285000000000000e+06,6.293000000000000000e+03
3.114305000000000000e+06,6.290000000000000000e+03
3.114325000000000000e+06,6.289000000000000000e+03
3.114345000000000000e+06,6.285000000000000000e+03
3.114365000000000000e+06,6.319000000000000000e+03
3.114385000000000000e+06,6.321000000000000000e+03
3.114405000000000000e+06,6.351000000000000000e+03
3.114425000000000000e+06,6.343000000000000000e+03
3.114445000000000000e+06,6.349000000000000000e+03
3.114465000000000000e+06,6.341000000000000000e+03
3.114485000000000000e+06,6.329000000000000000e+03
3.114505000000000000e+06,6.316000000000000000e+03
3.114525000000000000e+06,6.314000000000000000e+03
3.114545000000000000e+06,6.298000000000000000e+03
3.114565000000000000e+06,6.293000000000000000e+03
3.114585000000000000e+06,6.289000000000000000e+03
3.114605000000000000e+06,6.302000000000000000e+03
3.114625000000000000e+06,6.297000000000000000e+03
3.114645000000000000e+06,6.302000000000000000e+03
3.114665000000000000e+06,6.295000000000000000e+03
3.114685000000000000e+06,6.303000000000000000e+03
3.114705000000000000e+06,6.300000000000000000e+03
3.114725000000000000e+06,6.293000000000000000e+03
3.114745000000000000e+06,6.292000000000000000e+03
3.114765000000000000e+06,6.291000000000000000e+03
3.114785000000000000e+06,6.293000000000000000e+03
3.114805000000000000e+06,6.291000000000000000e+03
3.114825000000000000e+06,6.295000000000000000e+03
3.114845000000000000e+06,6.327000000000000000e+03
3.114865000000000000e+06,6.338000000000000000e+03
3.114885000000000000e+06,6.357000000000000000e+03
3.114912000000000000e+06,6.357000000000000000e+03
3.114925000000000000e+06,6.344000000000000000e+03
3.114945000000000000e+06,6.341000000000000000e+03
3.114965000000000000e+06,6.331000000000000000e+03
3.114985000000000000e+06,6.324000000000000000e+03
3.115005000000000000e+06,6.313000000000000000e+03
3.115025000000000000e+06,6.310000000000000000e+03
3.115045000000000000e+06,6.307000000000000000e+03
3.115065000000000000e+06,6.309000000000000000e+03
3.115085000000000000e+06,6.309000000000000000e+03
3.115105000000000000e+06,6.309000000000000000e+03
3.115125000000000000e+06,6.313000000000000000e+03
3.115145000000000000e+06,6.310000000000000000e+03
3.115165000000000000e+06,6.310000000000000000e+03
3.115185000000000000e+06,6.310000000000000000e+03
3.115205000000000000e+06,6.308000000000000000e+03
3.115225000000000000e+06,6.313000000000000000e+03
3.115245000000000000e+06,6.300000000000000000e+03
3.115265000000000000e+06,6.298000000000000000e+03
3.115285000000000000e+06,6.302000000000000000e+03
3.115305000000000000e+06,6.308000000000000000e+03
3.115325000000000000e+06,6.342000000000000000e+03
3.115345000000000000e+06,6.353000000000000000e+03
3.115365000000000000e+06,6.369000000000000000e+03
3.115385000000000000e+06,6.369000000000000000e+03
3.115405000000000000e+06,6.358000000000000000e+03
3.115425000000000000e+06,6.352000000000000000e+03
3.115445000000000000e+06,6.329000000000000000e+03
3.115465000000000000e+06,6.330000000000000000e+03
3.115485000000000000e+06,6.324000000000000000e+03
3.115505000000000000e+06,6.320000000000000000e+03
3.115525000000000000e+06,6.310000000000000000e+03
3.115545000000000000e+06,6.317000000000000000e+03
3.115565000000000000e+06,6.312000000000000000e+03
3.115585000000000000e+06,6.315000000000000000e+03
3.115605000000000000e+06,6.322000000000000000e+03
3.115625000000000000e+06,6.322000000000000000e+03
3.115645000000000000e+06,6.324000000000000000e+03
3.115665000000000000e+06,6.323000000000000000e+03
3.115685000000000000e+06,6.318000000000000000e+03
3.115705000000000000e+06,6.317000000000000000e+03
3.115725000000000000e+06,6.309000000000000000e+03
3.115745000000000000e+06,6.314000000000000000e+03
3.115765000000000000e+06,6.312000000000000000e+03
3.115785000000000000e+06,6.311000000000000000e+03
3.115805000000000000e+06,6.337000000000000000e+03
3.115825000000000000e+06,6.345000000000000000e+03
3.115845000000000000e+06,6.382000000000000000e+03
3.115865000000000000e+06,6.384000000000000000e+03
3.115885000000000000e+06,6.377000000000000000e+03
3.115905000000000000e+06,6.373000000000000000e+03
3.115925000000000000e+06,6.354000000000000000e+03
3.115945000000000000e+06,6.347000000000000000e+03
3.115965000000000000e+06,6.338000000000000000e+03
3.115985000000000000e+06,6.329000000000000000e+03
3.116005000000000000e+06,6.327000000000000000e+03
3.116025000000000000e+06,6.327000000000000000e+03
3.116045000000000000e+06,6.329000000000000000e+03
3.116066000000000000e+06,6.332000000000000000e+03
3.116086000000000000e+06,6.346000000000000000e+03
3.116106000000000000e+06,6.336000000000000000e+03
3.116126000000000000e+06,6.341000000000000000e+03
3.116146000000000000e+06,6.336000000000000000e+03
3.116166000000000000e+06,6.336000000000000000e+03
3.116186000000000000e+06,6.332000000000000000e+03
3.116206000000000000e+06,6.330000000000000000e+03
3.116226000000000000e+06,6.323000000000000000e+03
3.116246000000000000e+06,6.328000000000000000e+03
3.116266000000000000e+06,6.321000000000000000e+03
3.116286000000000000e+06,6.335000000000000000e+03
3.116306000000000000e+06,6.329000000000000000e+03
3.116326000000000000e+06,6.372000000000000000e+03
3.116346000000000000e+06,6.376000000000000000e+03
3.116366000000000000e+06,6.399000000000000000e+03
3.116386000000000000e+06,6.387000000000000000e+03
3.116406000000000000e+06,6.388000000000000000e+03
3.116426000000000000e+06,6.373000000000000000e+03
3.116446000000000000e+06,6.368000000000000000e+03
3.116466000000000000e+06,6.359000000000000000e+03
3.116486000000000000e+06,6.353000000000000000e+03
3.116506000000000000e+06,6.335000000000000000e+03
3.116526000000000000e+06,6.346000000000000000e+03
3.116546000000000000e+06,6.339000000000000000e+03
3.116566000000000000e+06,6.353000000000000000e+03
3.116586000000000000e+06,6.342000000000000000e+03
3.116606000000000000e+06,6.354000000000000000e+03
3.116626000000000000e+06,6.355000000000000000e+03
3.116646000000000000e+06,6.358000000000000000e+03
3.116666000000000000e+06,6.350000000000000000e+03
3.116686000000000000e+06,6.348000000000000000e+03
3.116706000000000000e+06,6.342000000000000000e+03
3.116726000000000000e+06,6.341000000000000000e+03
3.116746000000000000e+06,6.335000000000000000e+03
3.116766000000000000e+06,6.339000000000000000e+03
3.116786000000000000e+06,6.335000000000000000e+03
3.116806000000000000e+06,6.357000000000000000e+03
3.116826000000000000e+06,6.360000000000000000e+03
3.116846000000000000e+06,6.398000000000000000e+03
3.116866000000000000e+06,6.396000000000000000e+03
3.116886000000000000e+06,6.404000000000000000e+03
3.116912000000000000e+06,6.386000000000000000e+03
3.116926000000000000e+06,6.378000000000000000e+03
3.116946000000000000e+06,6.364000000000000000e+03
3.116966000000000000e+06,6.360000000000000000e+03
3.116986000000000000e+06,6.353000000000000000e+03
3.117006000000000000e+06,6.345000000000000000e+03
3.117026000000000000e+06,6.331000000000000000e+03
3.117046000000000000e+06,6.345000000000000000e+03
3.117066000000000000e+06,6.336000000000000000e+03
3.117086000000000000e+06,6.343000000000000000e+03
3.117106000000000000e+06,6.338000000000000000e+03
3.117126000000000000e+06,6.339000000000000000e+03
3.117146000000000000e+06,6.340000000000000000e+03
3.117166000000000000e+06,6.343000000000000000e+03
3.117186000000000000e+06,6.336000000000000000e+03
3.117206000000000000e+06,6.328000000000000000e+03
3.117226000000000000e+06,6.327000000000000000e+03
3.117246000000000000e+06,6.322000000000000000e+03
3.117266000000000000e+06,6.322000000000000000e+03
3.117286000000000000e+06,6.332000000000000000e+03
3.117306000000000000e+06,6.340000000000000000e+03
3.117326000000000000e+06,6.371000000000000000e+03
3.117346000000000000e+06,6.382000000000000000e+03
3.117366000000000000e+06,6.384000000000000000e+03
3.117386000000000000e+06,6.381000000000000000e+03
3.117406000000000000e+06,6.364000000000000000e+03
3.117426000000000000e+06,6.355000000000000000e+03
3.117446000000000000e+06,6.339000000000000000e+03
3.117466000000000000e+06,6.342000000000000000e+03
3.117486000000000000e+06,6.332000000000000000e+03
3.117506000000000000e+06,6.327000000000000000e+03
3.117526000000000000e+06,6.330000000000000000e+03
3.117546000000000000e+06,6.333000000000000000e+03
3.117566000000000000e+06,6.331000000000000000e+03
3.117586000000000000e+06,6.332000000000000000e+03
3.117606000000000000e+06,6.334000000000000000e+03
3.117626000000000000e+06,6.330000000000000000e+03
3.117646000000000000e+06,6.327000000000000000e+03
3.117666000000000000e+06,6.331000000000000000e+03
3.117686000000000000e+06,6.328000000000000000e+03
3.117706000000000000e+06,6.325000000000000000e+03
3.117726000000000000e+06,6.322000000000000000e+03
3.117746000000000000e+06,6.316000000000000000e+03
3.117766000000000000e+06,6.321000000000000000e+03
3.117786000000000000e+06,6.331000000000000000e+03
3.117806000000000000e+06,6.359000000000000000e+03
3.117826000000000000e+06,6.374000000000000000e+03
3.117846000000000000e+06,6.388000000000000000e+03
3.117866000000000000e+06,6.393000000000000000e+03
3.117886000000000000e+06,6.379000000000000000e+03
3.117906000000000000e+06,6.371000000000000000e+03
3.117926000000000000e+06,6.355000000000000000e+03
3.117946000000000000e+06,6.349000000000000000e+03
3.117966000000000000e+06,6.339000000000000000e+03
3.117986000000000000e+06,6.337000000000000000e+03
3.118006000000000000e+06,6.333000000000000000e+03
3.118026000000000000e+06,6.326000000000000000e+03
3.118046000000000000e+06,6.335000000000000000e+03
3.118066000000000000e+06,6.327000000000000000e+03
3.118086000000000000e+06,6.338000000000000000e+03
3.118106000000000000e+06,6.333000000000000000e+03
3.118126000000000000e+06,6.337000000000000000e+03
3.118146000000000000e+06,6.330000000000000000e+03
3.118166000000000000e+06,6.330000000000000000e+03
3.118186000000000000e+06,6.326000000000000000e+03
3.118206000000000000e+06,6.333000000000000000e+03
3.118226000000000000e+06,6.321000000000000000e+03
3.118246000000000000e+06,6.329000000000000000e+03
3.118266000000000000e+06,6.319000000000000000e+03
3.118286000000000000e+06,6.335000000000000000e+03
3.118306000000000000e+06,6.336000000000000000e+03
3.118326000000000000e+06,6.376000000000000000e+03
3.118346000000000000e+06,6.374000000000000000e+03
3.118366000000000000e+06,6.398000000000000000e+03
3.118386000000000000e+06,6.380000000000000000e+03
3.118406000000000000e+06,6.380000000000000000e+03
3.118426000000000000e+06,6.359000000000000000e+03
3.118446000000000000e+06,6.365000000000000000e+03
3.118466000000000000e+06,6.348000000000000000e+03
3.118486000000000000e+06,6.349000000000000000e+03
3.118506000000000000e+06,6.336000000000000000e+03
3.118526000000000000e+06,6.340000000000000000e+03
3.118546000000000000e+06,6.334000000000000000e+03
3.118566000000000000e+06,6.350000000000000000e+03
3.118586000000000000e+06,6.332000000000000000e+03
3.118606000000000000e+06,6.353000000000000000e+03
3.118626000000000000e+06,6.339000000000000000e+03
3.118646000000000000e+06,6.347000000000000000e+03
3.118666000000000000e+06,6.330000000000000000e+03
3.118686000000000000e+06,6.348000000000000000e+03
3.118706000000000000e+06,6.334000000000000000e+03
3.118726000000000000e+06,6.344000000000000000e+03
3.118746000000000000e+06,6.323000000000000000e+03
3.118766000000000000e+06,6.336000000000000000e+03
3.118786000000000000e+06,6.322000000000000000e+03
3.118806000000000000e+06,6.357000000000000000e+03
3.118826000000000000e+06,6.349000000000000000e+03
3.118846000000000000e+06,6.390000000000000000e+03
3.118866000000000000e+06,6.383000000000000000e+03
3.118886000000000000e+06,6.398000000000000000e+03
3.118912000000000000e+06,6.377000000000000000e+03
3.118926000000000000e+06,6.364000000000000000e+03
3.118946000000000000e+06,6.362000000000000000e+03
3.118966000000000000e+06,6.367000000000000000e+03
3.118986000000000000e+06,6.343000000000000000e+03
3.119006000000000000e+06,6.352000000000000000e+03
3.119026000000000000e+06,6.333000000000000000e+03
3.119046000000000000e+06,6.344000000000000000e+03
3.119066000000000000e+06,6.333000000000000000e+03
3.119086000000000000e+06,6.346000000000000000e+03
3.119106000000000000e+06,6.340000000000000000e+03
3.119126000000000000e+06,6.353000000000000000e+03
3.119146000000000000e+06,6.339000000000000000e+03
3.119166000000000000e+06,6.350000000000000000e+03
3.119186000000000000e+06,6.340000000000000000e+03
3.119206000000000000e+06,6.343000000000000000e+03
3.119226000000000000e+06,6.329000000000000000e+03
3.119246000000000000e+06,6.339000000000000000e+03
3.119266000000000000e+06,6.327000000000000000e+03
3.119286000000000000e+06,6.334000000000000000e+03
3.119306000000000000e+06,6.325000000000000000e+03
3.119326000000000000e+06,6.356000000000000000e+03
3.119346000000000000e+06,6.353000000000000000e+03
3.119366000000000000e+06,6.393000000000000000e+03
3.119386000000000000e+06,6.382000000000000000e+03
3.119406000000000000e+06,6.385000000000000000e+03
3.119426000000000000e+06,6.370000000000000000e+03
3.119446000000000000e+06,6.366000000000000000e+03
3.119466000000000000e+06,6.352000000000000000e+03
3.119486000000000000e+06,6.345000000000000000e+03
3.119506000000000000e+06,6.335000000000000000e+03
3.119526000000000000e+06,6.332000000000000000e+03
3.119546000000000000e+06,6.325000000000000000e+03
3.119566000000000000e+06,6.338000000000000000e+03
3.119586000000000000e+06,6.327000000000000000e+03
3.119606000000000000e+06,6.332000000000000000e+03
3.119626000000000000e+06,6.329000000000000000e+03
3.119646000000000000e+06,6.339000000000000000e+03
3.119666000000000000e+06,6.330000000000000000e+03
3.119686000000000000e+06,6.340000000000000000e+03
3.119706000000000000e+06,6.331000000000000000e+03
3.119726000000000000e+06,6.324000000000000000e+03
3.119746000000000000e+06,6.326000000000000000e+03
3.119766000000000000e+06,6.318000000000000000e+03
3.119786000000000000e+06,6.317000000000000000e+03
3.119806000000000000e+06,6.331000000000000000e+03
3.119826000000000000e+06,6.341000000000000000e+03
3.119846000000000000e+06,6.370000000000000000e+03
3.119866000000000000e+06,6.382000000000000000e+03
3.119886000000000000e+06,6.391000000000000000e+03
3.119906000000000000e+06,6.383000000000000000e+03
3.119926000000000000e+06,6.369000000000000000e+03
3.119946000000000000e+06,6.372000000000000000e+03
3.119966000000000000e+06,6.352000000000000000e+03
3.119986000000000000e+06,6.345000000000000000e+03
3.120006000000000000e+06,6.337000000000000000e+03
3.120026000000000000e+06,6.336000000000000000e+03
3.120046000000000000e+06,6.342000000000000000e+03
3.120066000000000000e+06,6.333000000000000000e+03
3.120086000000000000e+06,6.339000000000000000e+03
3.120106000000000000e+06,6.333000000000000000e+03
3.120126000000000000e+06,6.338000000000000000e+03
3.120146000000000000e+06,6.335000000000000000e+03
3.120166000000000000e+06,6.337000000000000000e+03
3.120186000000000000e+06,6.330000000000000000e+03
3.120206000000000000e+06,6.334000000000000000e+03
3.120226000000000000e+06,6.322000000000000000e+03
3.120246000000000000e+06,6.331000000000000000e+03
3.120266000000000000e+06,6.319000000000000000e+03
3.120286000000000000e+06,6.325000000000000000e+03
3.120306000000000000e+06,6.319000000000000000e+03
3.120326000000000000e+06,6.349000000000000000e+03
3.120346000000000000e+06,6.348000000000000000e+03
3.120366000000000000e+06,6.390000000000000000e+03
3.120386000000000000e+06,6.383000000000000000e+03
3.120406000000000000e+06,6.385000000000000000e+03
3.120426000000000000e+06,6.373000000000000000e+03
3.120446000000000000e+06,6.363000000000000000e+03
3.120466000000000000e+06,6.355000000000000000e+03
3.120486000000000000e+06,6.346000000000000000e+03
3.120506000000000000e+06,6.340000000000000000e+03
3.120526000000000000e+06,6.337000000000000000e+03
3.120546000000000000e+06,6.333000000000000000e+03
3.120566000000000000e+06,6.335000000000000000e+03
3.120586000000000000e+06,6.336000000000000000e+03
3.120606000000000000e+06,6.336000000000000000e+03
3.120626000000000000e+06,6.342000000000000000e+03
3.120646000000000000e+06,6.342000000000000000e+03
3.120666000000000000e+06,6.334000000000000000e+03
3.120686000000000000e+06,6.332000000000000000e+03
3.120706000000000000e+06,6.332000000000000000e+03
3.120726000000000000e+06,6.330000000000000000e+03
3.120746000000000000e+06,6.332000000000000000e+03
3.120766000000000000e+06,6.324000000000000000e+03
3.120786000000000000e+06,6.326000000000000000e+03
3.120806000000000000e+06,6.316000000000000000e+03
3.120826000000000000e+06,6.321000000000000000e+03
3.120846000000000000e+06,6.352000000000000000e+03
3.120866000000000000e+06,6.364000000000000000e+03
3.120886000000000000e+06,6.385000000000000000e+03
3.120912000000000000e+06,6.395000000000000000e+03
3.120926000000000000e+06,6.378000000000000000e+03
3.120946000000000000e+06,6.385000000000000000e+03
3.120966000000000000e+06,6.358000000000000000e+03
3.120986000000000000e+06,6.360000000000000000e+03
3.121006000000000000e+06,6.344000000000000000e+03
3.121026000000000000e+06,6.344000000000000000e+03
3.121046000000000000e+06,6.329000000000000000e+03
3.121066000000000000e+06,6.340000000000000000e+03
3.121086000000000000e+06,6.330000000000000000e+03
3.121106000000000000e+06,6.339000000000000000e+03
3.121126000000000000e+06,6.338000000000000000e+03
3.121146000000000000e+06,6.344000000000000000e+03
3.121166000000000000e+06,6.338000000000000000e+03
3.121186000000000000e+06,6.347000000000000000e+03
3.121206000000000000e+06,6.337000000000000000e+03
3.121226000000000000e+06,6.345000000000000000e+03
3.121246000000000000e+06,6.337000000000000000e+03
3.121266000000000000e+06,6.344000000000000000e+03
3.121286000000000000e+06,6.323000000000000000e+03
3.121306000000000000e+06,6.334000000000000000e+03
3.121326000000000000e+06,6.323000000000000000e+03
3.121346000000000000e+06,6.336000000000000000e+03
3.121366000000000000e+06,6.358000000000000000e+03
3.121386000000000000e+06,6.372000000000000000e+03
3.121406000000000000e+06,6.392000000000000000e+03
3.121426000000000000e+06,6.399000000000000000e+03
3.121446000000000000e+06,6.383000000000000000e+03
3.121466000000000000e+06,6.387000000000000000e+03
3.121486000000000000e+06,6.363000000000000000e+03
3.121506000000000000e+06,6.364000000000000000e+03
3.121526000000000000e+06,6.347000000000000000e+03
3.121546000000000000e+06,6.346000000000000000e+03
3.121566000000000000e+06,6.335000000000000000e+03
3.121586000000000000e+06,6.335000000000000000e+03
3.121606000000000000e+06,6.334000000000000000e+03
3.121626000000000000e+06,6.344000000000000000e+03
3.121646000000000000e+06,6.338000000000000000e+03
3.121666000000000000e+06,6.345000000000000000e+03
3.121686000000000000e+06,6.341000000000000000e+03
3.121706000000000000e+06,6.345000000000000000e+03
3.121726000000000000e+06,6.340000000000000000e+03
3.121746000000000000e+06,6.344000000000000000e+03
3.121766000000000000e+06,6.342000000000000000e+03
3.121786000000000000e+06,6.340000000000000000e+03
3.121806000000000000e+06,6.328000000000000000e+03
3.121826000000000000e+06,6.327000000000000000e+03
3.121846000000000000e+06,6.332000000000000000e+03
3.121866000000000000e+06,6.331000000000000000e+03
3.121886000000000000e+06,6.367000000000000000e+03
3.121906000000000000e+06,6.372000000000000000e+03
3.121926000000000000e+06,6.395000000000000000e+03
3.121946000000000000e+06,6.389000000000000000e+03
3.121966000000000000e+06,6.383000000000000000e+03
3.121986000000000000e+06,6.377000000000000000e+03
3.122006000000000000e+06,6.369000000000000000e+03
3.122026000000000000e+06,6.358000000000000000e+03
3.122046000000000000e+06,6.344000000000000000e+03
3.122066000000000000e+06,6.337000000000000000e+03
3.122086000000000000e+06,6.340000000000000000e+03
3.122106000000000000e+06,6.333000000000000000e+03
3.122126000000000000e+06,6.336000000000000000e+03
3.122146000000000000e+06,6.331000000000000000e+03
3.122166000000000000e+06,6.334000000000000000e+03
3.122186000000000000e+06,6.337000000000000000e+03
3.122206000000000000e+06,6.344000000000000000e+03
3.122226000000000000e+06,6.341000000000000000e+03
3.122246000000000000e+06,6.340000000000000000e+03
3.122266000000000000e+06,6.330000000000000000e+03
3.122286000000000000e+06,6.331000000000000000e+03
3.122306000000000000e+06,6.329000000000000000e+03
3.122326000000000000e+06,6.323000000000000000e+03
3.122346000000000000e+06,6.317000000000000000e+03
3.122366000000000000e+06,6.330000000000000000e+03
3.122386000000000000e+06,6.338000000000000000e+03
3.122406000000000000e+06,6.369000000000000000e+03
3.122426000000000000e+06,6.373000000000000000e+03
3.122446000000000000e+06,6.384000000000000000e+03
3.122466000000000000e+06,6.383000000000000000e+03
3.122486000000000000e+06,6.368000000000000000e+03
3.122506000000000000e+06,6.360000000000000000e+03
3.122526000000000000e+06,6.349000000000000000e+03
3.122546000000000000e+06,6.347000000000000000e+03
3.122566000000000000e+06,6.331000000000000000e+03
3.122586000000000000e+06,6.325000000000000000e+03
3.122606000000000000e+06,6.322000000000000000e+03
3.122626000000000000e+06,6.322000000000000000e+03
3.122646000000000000e+06,6.326000000000000000e+03
3.122666000000000000e+06,6.325000000000000000e+03
3.122686000000000000e+06,6.328000000000000000e+03
3.122706000000000000e+06,6.338000000000000000e+03
3.122726000000000000e+06,6.328000000000000000e+03
3.122746000000000000e+06,6.326000000000000000e+03
3.122766000000000000e+06,6.321000000000000000e+03
3.122786000000000000e+06,6.323000000000000000e+03
3.122806000000000000e+06,6.314000000000000000e+03
3.122826000000000000e+06,6.317000000000000000e+03
3.122846000000000000e+06,6.309000000000000000e+03
3.122866000000000000e+06,6.307000000000000000e+03
3.122886000000000000e+06,6.317000000000000000e+03
3.122912000000000000e+06,6.334000000000000000e+03
3.122926000000000000e+06,6.358000000000000000e+03
3.122946000000000000e+06,6.367000000000000000e+03
3.122966000000000000e+06,6.369000000000000000e+03
3.122986000000000000e+06,6.369000000000000000e+03
3.123006000000000000e+06,6.350000000000000000e+03
3.123026000000000000e+06,6.347000000000000000e+03
3.123046000000000000e+06,6.328000000000000000e+03
3.123066000000000000e+06,6.329000000000000000e+03
3.123086000000000000e+06,6.318000000000000000e+03
3.123106000000000000e+06,6.315000000000000000e+03
3.123126000000000000e+06,6.319000000000000000e+03
3.123146000000000000e+06,6.323000000000000000e+03
3.123166000000000000e+06,6.324000000000000000e+03
3.123186000000000000e+06,6.326000000000000000e+03
3.123206000000000000e+06,6.326000000000000000e+03
3.123226000000000000e+06,6.328000000000000000e+03
3.123246000000000000e+06,6.324000000000000000e+03
3.123266000000000000e+06,6.325000000000000000e+03
3.123286000000000000e+06,6.322000000000000000e+03
3.123306000000000000e+06,6.320000000000000000e+03
3.123326000000000000e+06,6.314000000000000000e+03
3.123346000000000000e+06,6.316000000000000000e+03
3.123366000000000000e+06,6.309000000000000000e+03
3.123386000000000000e+06,6.305000000000000000e+03
3.123406000000000000e+06,6.324000000000000000e+03
3.123426000000000000e+06,6.334000000000000000e+03
3.123446000000000000e+06,6.370000000000000000e+03
3.123466000000000000e+06,6.373000000000000000e+03
3.123486000000000000e+06,6.377000000000000000e+03
3.123506000000000000e+06,6.373000000000000000e+03
3.123526000000000000e+06,6.362000000000000000e+03
3.123546000000000000e+06,6.352000000000000000e+03
3.123566000000000000e+06,6.335000000000000000e+03
3.123586000000000000e+06,6.333000000000000000e+03
3.123606000000000000e+06,6.332000000000000000e+03
3.123626000000000000e+06,6.321000000000000000e+03
3.123646000000000000e+06,6.331000000000000000e+03
3.123666000000000000e+06,6.322000000000000000e+03
3.123686000000000000e+06,6.334000000000000000e+03
3.123706000000000000e+06,6.331000000000000000e+03
3.123726000000000000e+06,6.340000000000000000e+03
3.123746000000000000e+06,6.330000000000000000e+03
3.123766000000000000e+06,6.334000000000000000e+03
3.123786000000000000e+06,6.331000000000000000e+03
3.123806000000000000e+06,6.333000000000000000e+03
3.123826000000000000e+06,6.333000000000000000e+03
3.123846000000000000e+06,6.334000000000000000e+03
3.123866000000000000e+06,6.325000000000000000e+03
3.123886000000000000e+06,6.321000000000000000e+03
3.123906000000000000e+06,6.309000000000000000e+03
3.123926000000000000e+06,6.320000000000000000e+03
3.123946000000000000e+06,6.320000000000000000e+03
3.123966000000000000e+06,6.349000000000000000e+03
3.123986000000000000e+06,6.367000000000000000e+03
3.124006000000000000e+06,6.387000000000000000e+03
3.124026000000000000e+06,6.381000000000000000e+03
3.124046000000000000e+06,6.373000000000000000e+03
3.124066000000000000e+06,6.369000000000000000e+03
3.124086000000000000e+06,6.356000000000000000e+03
3.124106000000000000e+06,6.347000000000000000e+03
3.124126000000000000e+06,6.343000000000000000e+03
3.124146000000000000e+06,6.331000000000000000e+03
3.124166000000000000e+06,6.334000000000000000e+03
3.124186000000000000e+06,6.328000000000000000e+03
3.124206000000000000e+06,6.332000000000000000e+03
3.124226000000000000e+06,6.331000000000000000e+03
3.124246000000000000e+06,6.337000000000000000e+03
3.124266000000000000e+06,6.333000000000000000e+03
3.124286000000000000e+06,6.333000000000000000e+03
3.124306000000000000e+06,6.333000000000000000e+03
3.124326000000000000e+06,6.332000000000000000e+03
3.124346000000000000e+06,6.327000000000000000e+03
3.124366000000000000e+06,6.331000000000000000e+03
3.124386000000000000e+06,6.330000000000000000e+03
3.124406000000000000e+06,6.328000000000000000e+03
3.124426000000000000e+06,6.321000000000000000e+03
3.124446000000000000e+06,6.315000000000000000e+03
3.124466000000000000e+06,6.314000000000000000e+03
3.124486000000000000e+06,6.331000000000000000e+03
3.124506000000000000e+06,6.341000000000000000e+03
3.124526000000000000e+06,6.374000000000000000e+03
3.124546000000000000e+06,6.380000000000000000e+03
3.124566000000000000e+06,6.385000000000000000e+03
3.124586000000000000e+06,6.378000000000000000e+03
3.124606000000000000e+06,6.371000000000000000e+03
3.124626000000000000e+06,6.368000000000000000e+03
3.124646000000000000e+06,6.354000000000000000e+03
3.124666000000000000e+06,6.353000000000000000e+03
3.124686000000000000e+06,6.342000000000000000e+03
3.124706000000000000e+06,6.339000000000000000e+03
3.124726000000000000e+06,6.329000000000000000e+03
3.124746000000000000e+06,6.333000000000000000e+03
3.124766000000000000e+06,6.338000000000000000e+03
3.124786000000000000e+06,6.341000000000000000e+03
3.124806000000000000e+06,6.344000000000000000e+03
3.124826000000000000e+06,6.342000000000000000e+03
3.124846000000000000e+06,6.339000000000000000e+03
3.124866000000000000e+06,6.341000000000000000e+03
3.124886000000000000e+06,6.329000000000000000e+03
3.124913000000000000e+06,6.334000000000000000e+03
3.124926000000000000e+06,6.329000000000000000e+03
3.124946000000000000e+06,6.321000000000000000e+03
3.124966000000000000e+06,6.320000000000000000e+03
3.124986000000000000e+06,6.324000000000000000e+03
3.125006000000000000e+06,6.322000000000000000e+03
3.125026000000000000e+06,6.337000000000000000e+03
3.125046000000000000e+06,6.369000000000000000e+03
3.125066000000000000e+06,6.370000000000000000e+03
3.125086000000000000e+06,6.382000000000000000e+03
3.125106000000000000e+06,6.383000000000000000e+03
3.125126000000000000e+06,6.369000000000000000e+03
3.125146000000000000e+06,6.364000000000000000e+03
3.125166000000000000e+06,6.353000000000000000e+03
3.125186000000000000e+06,6.355000000000000000e+03
3.125206000000000000e+06,6.331000000000000000e+03
3.125226000000000000e+06,6.329000000000000000e+03
3.125246000000000000e+06,6.330000000000000000e+03
3.125266000000000000e+06,6.325000000000000000e+03
3.125286000000000000e+06,6.332000000000000000e+03
3.125306000000000000e+06,6.325000000000000000e+03
3.125326000000000000e+06,6.337000000000000000e+03
3.125346000000000000e+06,6.329000000000000000e+03
3.125366000000000000e+06,6.335000000000000000e+03
3.125386000000000000e+06,6.330000000000000000e+03
3.125406000000000000e+06,6.339000000000000000e+03
3.125426000000000000e+06,6.324000000000000000e+03
3.125446000000000000e+06,6.330000000000000000e+03
3.125466000000000000e+06,6.316000000000000000e+03
3.125486000000000000e+06,6.329000000000000000e+03
3.125506000000000000e+06,6.315000000000000000e+03
3.125526000000000000e+06,6.322000000000000000e+03
3.125546000000000000e+06,6.316000000000000000e+03
3.125566000000000000e+06,6.352000000000000000e+03
3.125586000000000000e+06,6.352000000000000000e+03
3.125606000000000000e+06,6.389000000000000000e+03
3.125626000000000000e+06,6.379000000000000000e+03
3.125646000000000000e+06,6.378000000000000000e+03
3.125666000000000000e+06,6.365000000000000000e+03
3.125686000000000000e+06,6.369000000000000000e+03
3.125706000000000000e+06,6.351000000000000000e+03
3.125726000000000000e+06,6.350000000000000000e+03
3.125746000000000000e+06,6.334000000000000000e+03
3.125766000000000000e+06,6.338000000000000000e+03
3.125786000000000000e+06,6.328000000000000000e+03
3.125806000000000000e+06,6.339000000000000000e+03
3.125826000000000000e+06,6.328000000000000000e+03
3.125846000000000000e+06,6.339000000000000000e+03
3.125866000000000000e+06,6.331000000000000000e+03
3.125886000000000000e+06,6.347000000000000000e+03
3.125906000000000000e+06,6.330000000000000000e+03
3.125926000000000000e+06,6.335000000000000000e+03
3.125946000000000000e+06,6.323000000000000000e+03
3.125966000000000000e+06,6.328000000000000000e+03
3.125986000000000000e+06,6.324000000000000000e+03
3.126006000000000000e+06,6.329000000000000000e+03
3.126026000000000000e+06,6.322000000000000000e+03
3.126046000000000000e+06,6.319000000000000000e+03
3.126066000000000000e+06,6.317000000000000000e+03
3.126086000000000000e+06,6.325000000000000000e+03
3.126106000000000000e+06,6.332000000000000000e+03
3.126126000000000000e+06,6.361000000000000000e+03
3.126146000000000000e+06,6.369000000000000000e+03
3.126166000000000000e+06,6.386000000000000000e+03
3.126186000000000000e+06,6.377000000000000000e+03
3.126206000000000000e+06,6.375000000000000000e+03
3.126226000000000000e+06,6.368000000000000000e+03
3.126246000000000000e+06,6.356000000000000000e+03
3.126266000000000000e+06,6.342000000000000000e+03
3.126286000000000000e+06,6.337000000000000000e+03
3.126306000000000000e+06,6.334000000000000000e+03
3.126326000000000000e+06,6.334000000000000000e+03
3.126346000000000000e+06,6.325000000000000000e+03
3.126366000000000000e+06,6.332000000000000000e+03
3.126386000000000000e+06,6.329000000000000000e+03
3.126406000000000000e+06,6.335000000000000000e+03
3.126426000000000000e+06,6.330000000000000000e+03
3.126446000000000000e+06,6.334000000000000000e+03
3.126466000000000000e+06,6.334000000000000000e+03
3.126486000000000000e+06,6.338000000000000000e+03
3.126506000000000000e+06,6.337000000000000000e+03
3.126526000000000000e+06,6.334000000000000000e+03
3.126546000000000000e+06,6.327000000000000000e+03
3.126566000000000000e+06,6.321000000000000000e+03
3.126586000000000000e+06,6.323000000000000000e+03
3.126606000000000000e+06,6.319000000000000000e+03
3.126626000000000000e+06,6.325000000000000000e+03
3.126646000000000000e+06,6.333000000000000000e+03
3.126666000000000000e+06,6.347000000000000000e+03
3.126686000000000000e+06,6.364000000000000000e+03
3.126706000000000000e+06,6.374000000000000000e+03
3.126726000000000000e+06,6.378000000000000000e+03
3.126746000000000000e+06,6.380000000000000000e+03
3.126766000000000000e+06,6.370000000000000000e+03
3.126786000000000000e+06,6.365000000000000000e+03
3.126806000000000000e+06,6.349000000000000000e+03
3.126826000000000000e+06,6.355000000000000000e+03
3.126846000000000000e+06,6.340000000000000000e+03
3.126866000000000000e+06,6.336000000000000000e+03
3.126886000000000000e+06,6.330000000000000000e+03
3.126913000000000000e+06,6.337000000000000000e+03
3.126926000000000000e+06,6.335000000000000000e+03
3.126946000000000000e+06,6.343000000000000000e+03
3.126966000000000000e+06,6.337000000000000000e+03
3.126986000000000000e+06,6.339000000000000000e+03
3.127006000000000000e+06,6.339000000000000000e+03
3.127026000000000000e+06,6.344000000000000000e+03
3.127046000000000000e+06,6.333000000000000000e+03
3.127066000000000000e+06,6.338000000000000000e+03
3.127086000000000000e+06,6.322000000000000000e+03
3.127106000000000000e+06,6.328000000000000000e+03
3.127126000000000000e+06,6.321000000000000000e+03
3.127146000000000000e+06,6.320000000000000000e+03
3.127166000000000000e+06,6.321000000000000000e+03
3.127186000000000000e+06,6.333000000000000000e+03
3.127206000000000000e+06,6.354000000000000000e+03
3.127226000000000000e+06,6.367000000000000000e+03
3.127246000000000000e+06,6.377000000000000000e+03
3.127266000000000000e+06,6.372000000000000000e+03
3.127286000000000000e+06,6.372000000000000000e+03
3.127306000000000000e+06,6.366000000000000000e+03
3.127326000000000000e+06,6.349000000000000000e+03
3.127346000000000000e+06,6.342000000000000000e+03
3.127366000000000000e+06,6.338000000000000000e+03
3.127386000000000000e+06,6.320000000000000000e+03
3.127406000000000000e+06,6.321000000000000000e+03
3.127426000000000000e+06,6.318000000000000000e+03
3.127446000000000000e+06,6.324000000000000000e+03
3.127466000000000000e+06,6.320000000000000000e+03
3.127486000000000000e+06,6.331000000000000000e+03
3.127506000000000000e+06,6.326000000000000000e+03
3.127526000000000000e+06,6.331000000000000000e+03
3.127546000000000000e+06,6.326000000000000000e+03
3.127566000000000000e+06,6.331000000000000000e+03
3.127586000000000000e+06,6.323000000000000000e+03
3.127606000000000000e+06,6.322000000000000000e+03
3.127626000000000000e+06,6.315000000000000000e+03
3.127646000000000000e+06,6.315000000000000000e+03
3.127666000000000000e+06,6.309000000000000000e+03
3.127686000000000000e+06,6.304000000000000000e+03
3.127706000000000000e+06,6.305000000000000000e+03
3.127726000000000000e+06,6.336000000000000000e+03
3.127746000000000000e+06,6.344000000000000000e+03
3.127766000000000000e+06,6.362000000000000000e+03
3.127786000000000000e+06,6.366000000000000000e+03
3.127806000000000000e+06,6.360000000000000000e+03
3.127826000000000000e+06,6.358000000000000000e+03
3.127846000000000000e+06,6.343000000000000000e+03
3.127866000000000000e+06,6.339000000000000000e+03
3.127886000000000000e+06,6.330000000000000000e+03
3.127906000000000000e+06,6.325000000000000000e+03
3.127926000000000000e+06,6.323000000000000000e+03
3.127946000000000000e+06,6.321000000000000000e+03
3.127966000000000000e+06,6.323000000000000000e+03
3.127986000000000000e+06,6.318000000000000000e+03
3.128006000000000000e+06,6.322000000000000000e+03
3.128026000000000000e+06,6.315000000000000000e+03
3.128046000000000000e+06,6.322000000000000000e+03
3.128066000000000000e+06,6.322000000000000000e+03
3.128086000000000000e+06,6.318000000000000000e+03
3.128106000000000000e+06,6.319000000000000000e+03
3.128126000000000000e+06,6.315000000000000000e+03
3.128146000000000000e+06,6.311000000000000000e+03
3.128166000000000000e+06,6.310000000000000000e+03
3.128186000000000000e+06,6.302000000000000000e+03
3.128206000000000000e+06,6.299000000000000000e+03
3.128226000000000000e+06,6.297000000000000000e+03
3.128246000000000000e+06,6.311000000000000000e+03
3.128266000000000000e+06,6.318000000000000000e+03
3.128286000000000000e+06,6.355000000000000000e+03
3.128306000000000000e+06,6.353000000000000000e+03
3.128326000000000000e+06,6.367000000000000000e+03
3.128346000000000000e+06,6.360000000000000000e+03
3.128366000000000000e+06,6.349000000000000000e+03
3.128386000000000000e+06,6.339000000000000000e+03
3.128406000000000000e+06,6.332000000000000000e+03
3.128426000000000000e+06,6.326000000000000000e+03
3.128446000000000000e+06,6.319000000000000000e+03
3.128466000000000000e+06,6.316000000000000000e+03
3.128486000000000000e+06,6.314000000000000000e+03
3.128506000000000000e+06,6.312000000000000000e+03
3.128526000000000000e+06,6.321000000000000000e+03
3.128546000000000000e+06,6.316000000000000000e+03
3.128566000000000000e+06,6.328000000000000000e+03
3.128586000000000000e+06,6.325000000000000000e+03
3.128606000000000000e+06,6.320000000000000000e+03
3.128626000000000000e+06,6.315000000000000000e+03
3.128646000000000000e+06,6.317000000000000000e+03
3.128666000000000000e+06,6.315000000000000000e+03
3.128686000000000000e+06,6.315000000000000000e+03
3.128706000000000000e+06,6.311000000000000000e+03
3.128726000000000000e+06,6.311000000000000000e+03
3.128746000000000000e+06,6.305000000000000000e+03
3.128766000000000000e+06,6.310000000000000000e+03
3.128786000000000000e+06,6.307000000000000000e+03
3.128806000000000000e+06,6.341000000000000000e+03
3.128826000000000000e+06,6.344000000000000000e+03
3.128846000000000000e+06,6.377000000000000000e+03
3.128866000000000000e+06,6.377000000000000000e+03
3.128886000000000000e+06,6.373000000000000000e+03
3.128913000000000000e+06,6.363000000000000000e+03
3.128926000000000000e+06,6.359000000000000000e+03
3.128946000000000000e+06,6.349000000000000000e+03
3.128966000000000000e+06,6.341000000000000000e+03
3.128986000000000000e+06,6.331000000000000000e+03
3.129006000000000000e+06,6.331000000000000000e+03
3.129026000000000000e+06,6.324000000000000000e+03
3.129046000000000000e+06,6.327000000000000000e+03
3.129066000000000000e+06,6.323000000000000000e+03
3.129086000000000000e+06,6.336000000000000000e+03
3.129106000000000000e+06,6.327000000000000000e+03
3.129126000000000000e+06,6.343000000000000000e+03
3.129146000000000000e+06,6.326000000000000000e+03
3.129166000000000000e+06,6.340000000000000000e+03
3.129186000000000000e+06,6.332000000000000000e+03
3.129206000000000000e+06,6.345000000000000000e+03
3.129226000000000000e+06,6.328000000000000000e+03
3.129246000000000000e+06,6.344000000000000000e+03
3.129266000000000000e+06,6.324000000000000000e+03
3.129286000000000000e+06,6.336000000000000000e+03
3.129306000000000000e+06,6.319000000000000000e+03
3.129326000000000000e+06,6.326000000000000000e+03
3.129346000000000000e+06,6.309000000000000000e+03
3.129366000000000000e+06,6.338000000000000000e+03
3.129386000000000000e+06,6.329000000000000000e+03
3.129406000000000000e+06,6.373000000000000000e+03
3.129426000000000000e+06,6.366000000000000000e+03
3.129446000000000000e+06,6.384000000000000000e+03
3.129466000000000000e+06,6.374000000000000000e+03
3.129486000000000000e+06,6.368000000000000000e+03
3.129506000000000000e+06,6.363000000000000000e+03
3.129526000000000000e+06,6.359000000000000000e+03
3.129546000000000000e+06,6.349000000000000000e+03
3.129566000000000000e+06,6.338000000000000000e+03
3.129586000000000000e+06,6.335000000000000000e+03
3.129606000000000000e+06,6.335000000000000000e+03
3.129626000000000000e+06,6.333000000000000000e+03
3.129646000000000000e+06,6.334000000000000000e+03
3.129666000000000000e+06,6.337000000000000000e+03
3.129686000000000000e+06,6.347000000000000000e+03
3.129706000000000000e+06,6.339000000000000000e+03
3.129726000000000000e+06,6.339000000000000000e+03
3.129746000000000000e+06,6.335000000000000000e+03
3.129766000000000000e+06,6.339000000000000000e+03
3.129786000000000000e+06,6.336000000000000000e+03
3.129806000000000000e+06,6.333000000000000000e+03
3.129826000000000000e+06,6.337000000000000000e+03
3.129846000000000000e+06,6.331000000000000000e+03
3.129866000000000000e+06,6.328000000000000000e+03
3.129886000000000000e+06,6.325000000000000000e+03
3.129906000000000000e+06,6.324000000000000000e+03
3.129926000000000000e+06,6.326000000000000000e+03
3.129946000000000000e+06,6.324000000000000000e+03
3.129966000000000000e+06,6.336000000000000000e+03
3.129986000000000000e+06,6.347000000000000000e+03
3.130006000000000000e+06,6.375000000000000000e+03
3.130026000000000000e+06,6.383000000000000000e+03
3.130046000000000000e+06,6.377000000000000000e+03
3.130066000000000000e+06,6.376000000000000000e+03
3.130086000000000000e+06,6.363000000000000000e+03
3.130106000000000000e+06,6.368000000000000000e+03
3.130126000000000000e+06,6.344000000000000000e+03
3.130146000000000000e+06,6.354000000000000000e+03
3.130166000000000000e+06,6.340000000000000000e+03
3.130186000000000000e+06,6.338000000000000000e+03
3.130206000000000000e+06,6.334000000000000000e+03
3.130226000000000000e+06,6.334000000000000000e+03
3.130246000000000000e+06,6.338000000000000000e+03
3.130267000000000000e+06,6.342000000000000000e+03
3.130287000000000000e+06,6.344000000000000000e+03
3.130307000000000000e+06,6.346000000000000000e+03
3.130327000000000000e+06,6.339000000000000000e+03
3.130347000000000000e+06,6.332000000000000000e+03
3.130367000000000000e+06,6.331000000000000000e+03
3.130387000000000000e+06,6.334000000000000000e+03
3.130407000000000000e+06,6.326000000000000000e+03
3.130427000000000000e+06,6.329000000000000000e+03
3.130447000000000000e+06,6.318000000000000000e+03
3.130467000000000000e+06,6.321000000000000000e+03
3.130487000000000000e+06,6.322000000000000000e+03
3.130507000000000000e+06,6.318000000000000000e+03
3.130527000000000000e+06,6.337000000000000000e+03
3.130547000000000000e+06,6.348000000000000000e+03
3.130567000000000000e+06,6.377000000000000000e+03
3.130587000000000000e+06,6.375000000000000000e+03
3.130607000000000000e+06,6.379000000000000000e+03
3.130627000000000000e+06,6.372000000000000000e+03
3.130647000000000000e+06,6.377000000000000000e+03
3.130667000000000000e+06,6.365000000000000000e+03
3.130687000000000000e+06,6.352000000000000000e+03
3.130707000000000000e+06,6.344000000000000000e+03
3.130727000000000000e+06,6.338000000000000000e+03
3.130747000000000000e+06,6.334000000000000000e+03
3.130767000000000000e+06,6.347000000000000000e+03
3.130787000000000000e+06,6.328000000000000000e+03
3.130807000000000000e+06,6.357000000000000000e+03
3.130827000000000000e+06,6.340000000000000000e+03
3.130847000000000000e+06,6.360000000000000000e+03
3.130867000000000000e+06,6.347000000000000000e+03
3.130887000000000000e+06,6.355000000000000000e+03
3.130913000000000000e+06,6.338000000000000000e+03
3.130927000000000000e+06,6.353000000000000000e+03
3.130947000000000000e+06,6.331000000000000000e+03
3.130967000000000000e+06,6.345000000000000000e+03
3.130987000000000000e+06,6.321000000000000000e+03
3.131007000000000000e+06,6.331000000000000000e+03
3.131027000000000000e+06,6.312000000000000000e+03
3.131047000000000000e+06,6.341000000000000000e+03
3.131067000000000000e+06,6.318000000000000000e+03
3.131087000000000000e+06,6.359000000000000000e+03
3.131107000000000000e+06,6.348000000000000000e+03
3.131127000000000000e+06,6.384000000000000000e+03
3.131147000000000000e+06,6.375000000000000000e+03
3.131167000000000000e+06,6.379000000000000000e+03
3.131187000000000000e+06,6.356000000000000000e+03
3.131207000000000000e+06,6.367000000000000000e+03
3.131227000000000000e+06,6.345000000000000000e+03
3.131247000000000000e+06,6.352000000000000000e+03
3.131267000000000000e+06,6.334000000000000000e+03
3.131287000000000000e+06,6.347000000000000000e+03
3.131307000000000000e+06,6.328000000000000000e+03
3.131327000000000000e+06,6.345000000000000000e+03
3.131347000000000000e+06,6.335000000000000000e+03
3.131367000000000000e+06,6.349000000000000000e+03
3.131387000000000000e+06,6.341000000000000000e+03
3.131407000000000000e+06,6.350000000000000000e+03
3.131427000000000000e+06,6.342000000000000000e+03
3.131447000000000000e+06,6.352000000000000000e+03
3.131467000000000000e+06,6.333000000000000000e+03
3.131487000000000000e+06,6.347000000000000000e+03
3.131507000000000000e+06,6.333000000000000000e+03
3.131527000000000000e+06,6.344000000000000000e+03
3.131547000000000000e+06,6.329000000000000000e+03
3.131567000000000000e+06,6.341000000000000000e+03
3.131587000000000000e+06,6.323000000000000000e+03
3.131607000000000000e+06,6.346000000000000000e+03
3.131627000000000000e+06,6.345000000000000000e+03
3.131647000000000000e+06,6.387000000000000000e+03
3.131667000000000000e+06,6.372000000000000000e+03
3.131687000000000000e+06,6.393000000000000000e+03
3.131707000000000000e+06,6.377000000000000000e+03
3.131727000000000000e+06,6.377000000000000000e+03
3.131747000000000000e+06,6.363000000000000000e+03
3.131767000000000000e+06,6.361000000000000000e+03
3.131787000000000000e+06,6.349000000000000000e+03
3.131807000000000000e+06,6.347000000000000000e+03
3.131827000000000000e+06,6.337000000000000000e+03
3.131847000000000000e+06,6.337000000000000000e+03
3.131867000000000000e+06,6.337000000000000000e+03
3.131887000000000000e+06,6.339000000000000000e+03
3.131907000000000000e+06,6.338000000000000000e+03
3.131927000000000000e+06,6.332000000000000000e+03
3.131947000000000000e+06,6.335000000000000000e+03
3.131967000000000000e+06,6.328000000000000000e+03
3.131987000000000000e+06,6.334000000000000000e+03
3.132007000000000000e+06,6.334000000000000000e+03
3.132027000000000000e+06,6.328000000000000000e+03
3.132047000000000000e+06,6.331000000000000000e+03
3.132067000000000000e+06,6.330000000000000000e+03
3.132087000000000000e+06,6.327000000000000000e+03
3.132107000000000000e+06,6.321000000000000000e+03
3.132127000000000000e+06,6.321000000000000000e+03
3.132147000000000000e+06,6.319000000000000000e+03
3.132167000000000000e+06,6.326000000000000000e+03
3.132187000000000000e+06,6.336000000000000000e+03
3.132207000000000000e+06,6.366000000000000000e+03
3.132227000000000000e+06,6.370000000000000000e+03
3.132247000000000000e+06,6.380000000000000000e+03
3.132267000000000000e+06,6.376000000000000000e+03
3.132287000000000000e+06,6.356000000000000000e+03
3.132307000000000000e+06,6.357000000000000000e+03
3.132327000000000000e+06,6.353000000000000000e+03
3.132347000000000000e+06,6.339000000000000000e+03
3.132367000000000000e+06,6.342000000000000000e+03
3.132387000000000000e+06,6.330000000000000000e+03
3.132407000000000000e+06,6.343000000000000000e+03
3.132427000000000000e+06,6.329000000000000000e+03
3.132447000000000000e+06,6.346000000000000000e+03
3.132467000000000000e+06,6.336000000000000000e+03
3.132487000000000000e+06,6.337000000000000000e+03
3.132507000000000000e+06,6.340000000000000000e+03
3.132527000000000000e+06,6.346000000000000000e+03
3.132547000000000000e+06,6.334000000000000000e+03
3.132567000000000000e+06,6.346000000000000000e+03
3.132587000000000000e+06,6.334000000000000000e+03
3.132607000000000000e+06,6.335000000000000000e+03
3.132627000000000000e+06,6.331000000000000000e+03
3.132647000000000000e+06,6.345000000000000000e+03
3.132667000000000000e+06,6.330000000000000000e+03
3.132687000000000000e+06,6.331000000000000000e+03
3.132707000000000000e+06,6.329000000000000000e+03
3.132727000000000000e+06,6.360000000000000000e+03
3.132747000000000000e+06,6.350000000000000000e+03
3.132767000000000000e+06,6.378000000000000000e+03
3.132787000000000000e+06,6.380000000000000000e+03
3.132807000000000000e+06,6.383000000000000000e+03
3.132827000000000000e+06,6.378000000000000000e+03
3.132847000000000000e+06,6.372000000000000000e+03
3.132867000000000000e+06,6.362000000000000000e+03
3.132887000000000000e+06,6.351000000000000000e+03
3.132913000000000000e+06,6.351000000000000000e+03
3.132927000000000000e+06,6.344000000000000000e+03
3.132947000000000000e+06,6.341000000000000000e+03
3.132967000000000000e+06,6.334000000000000000e+03
3.132987000000000000e+06,6.339000000000000000e+03
3.133007000000000000e+06,6.345000000000000000e+03
3.133027000000000000e+06,6.346000000000000000e+03
3.133047000000000000e+06,6.342000000000000000e+03
3.133067000000000000e+06,6.349000000000000000e+03
3.133087000000000000e+06,6.341000000000000000e+03
3.133107000000000000e+06,6.347000000000000000e+03
3.133127000000000000e+06,6.340000000000000000e+03
3.133147000000000000e+06,6.340000000000000000e+03
3.133167000000000000e+06,6.331000000000000000e+03
3.133187000000000000e+06,6.339000000000000000e+03
3.133207000000000000e+06,6.323000000000000000e+03
3.133227000000000000e+06,6.330000000000000000e+03
3.133247000000000000e+06,6.327000000000000000e+03
3.133267000000000000e+06,6.337000000000000000e+03
3.133287000000000000e+06,6.343000000000000000e+03
3.133307000000000000e+06,6.371000000000000000e+03
3.133327000000000000e+06,6.384000000000000000e+03
3.133347000000000000e+06,6.392000000000000000e+03
3.133367000000000000e+06,6.375000000000000000e+03
3.133387000000000000e+06,6.379000000000000000e+03
3.133407000000000000e+06,6.356000000000000000e+03
3.133427000000000000e+06,6.365000000000000000e+03
3.133447000000000000e+06,6.346000000000000000e+03
3.133467000000000000e+06,6.357000000000000000e+03
3.133487000000000000e+06,6.335000000000000000e+03
3.133507000000000000e+06,6.349000000000000000e+03
3.133527000000000000e+06,6.338000000000000000e+03
3.133547000000000000e+06,6.354000000000000000e+03
3.133567000000000000e+06,6.346000000000000000e+03
3.133587000000000000e+06,6.352000000000000000e+03
3.133607000000000000e+06,6.345000000000000000e+03
3.133627000000000000e+06,6.354000000000000000e+03
3.133647000000000000e+06,6.346000000000000000e+03
3.133667000000000000e+06,6.349000000000000000e+03
3.133687000000000000e+06,6.338000000000000000e+03
3.133707000000000000e+06,6.333000000000000000e+03
3.133727000000000000e+06,6.340000000000000000e+03
3.133747000000000000e+06,6.340000000000000000e+03
3.133767000000000000e+06,6.329000000000000000e+03
3.133787000000000000e+06,6.335000000000000000e+03
3.133807000000000000e+06,6.335000000000000000e+03
3.133827000000000000e+06,6.348000000000000000e+03
3.133847000000000000e+06,6.367000000000000000e+03
3.133867000000000000e+06,6.380000000000000000e+03
3.133887000000000000e+06,6.403000000000000000e+03
3.133907000000000000e+06,6.401000000000000000e+03
3.133927000000000000e+06,6.397000000000000000e+03
3.133947000000000000e+06,6.393000000000000000e+03
3.133967000000000000e+06,6.378000000000000000e+03
3.133987000000000000e+06,6.375000000000000000e+03
3.134007000000000000e+06,6.365000000000000000e+03
3.134027000000000000e+06,6.368000000000000000e+03
3.134047000000000000e+06,6.363000000000000000e+03
3.134067000000000000e+06,6.366000000000000000e+03
3.134087000000000000e+06,6.362000000000000000e+03
3.134107000000000000e+06,6.363000000000000000e+03
3.134127000000000000e+06,6.375000000000000000e+03
3.134147000000000000e+06,6.366000000000000000e+03
3.134167000000000000e+06,6.369000000000000000e+03
3.134187000000000000e+06,6.359000000000000000e+03
3.134207000000000000e+06,6.370000000000000000e+03
3.134227000000000000e+06,6.360000000000000000e+03
3.134247000000000000e+06,6.364000000000000000e+03
3.134267000000000000e+06,6.351000000000000000e+03
3.134287000000000000e+06,6.357000000000000000e+03
3.134307000000000000e+06,6.348000000000000000e+03
3.134327000000000000e+06,6.349000000000000000e+03
3.134347000000000000e+06,6.341000000000000000e+03
3.134367000000000000e+06,6.349000000000000000e+03
3.134387000000000000e+06,6.344000000000000000e+03
3.134407000000000000e+06,6.374000000000000000e+03
3.134427000000000000e+06,6.380000000000000000e+03
3.134447000000000000e+06,6.406000000000000000e+03
3.134467000000000000e+06,6.403000000000000000e+03
3.134487000000000000e+06,6.403000000000000000e+03
3.134507000000000000e+06,6.395000000000000000e+03
3.134527000000000000e+06,6.381000000000000000e+03
3.134547000000000000e+06,6.377000000000000000e+03
3.134567000000000000e+06,6.368000000000000000e+03
3.134587000000000000e+06,6.366000000000000000e+03
3.134607000000000000e+06,6.364000000000000000e+03
3.134627000000000000e+06,6.359000000000000000e+03
3.134647000000000000e+06,6.363000000000000000e+03
3.134667000000000000e+06,6.360000000000000000e+03
3.134687000000000000e+06,6.364000000000000000e+03
3.134707000000000000e+06,6.364000000000000000e+03
3.134727000000000000e+06,6.366000000000000000e+03
3.134747000000000000e+06,6.364000000000000000e+03
3.134767000000000000e+06,6.370000000000000000e+03
3.134787000000000000e+06,6.367000000000000000e+03
3.134807000000000000e+06,6.365000000000000000e+03
3.134827000000000000e+06,6.363000000000000000e+03
3.134847000000000000e+06,6.360000000000000000e+03
3.134867000000000000e+06,6.357000000000000000e+03
3.134887000000000000e+06,6.358000000000000000e+03
3.134913000000000000e+06,6.358000000000000000e+03
3.134927000000000000e+06,6.353000000000000000e+03
3.134947000000000000e+06,6.351000000000000000e+03
3.134967000000000000e+06,6.346000000000000000e+03
3.134987000000000000e+06,6.349000000000000000e+03
3.135007000000000000e+06,6.386000000000000000e+03
3.135027000000000000e+06,6.388000000000000000e+03
3.135047000000000000e+06,6.411000000000000000e+03
3.135067000000000000e+06,6.415000000000000000e+03
3.135087000000000000e+06,6.403000000000000000e+03
3.135107000000000000e+06,6.404000000000000000e+03
3.135127000000000000e+06,6.392000000000000000e+03
3.135147000000000000e+06,6.387000000000000000e+03
3.135167000000000000e+06,6.374000000000000000e+03
3.135187000000000000e+06,6.379000000000000000e+03
3.135207000000000000e+06,6.368000000000000000e+03
3.135227000000000000e+06,6.374000000000000000e+03
3.135247000000000000e+06,6.366000000000000000e+03
3.135267000000000000e+06,6.371000000000000000e+03
3.135287000000000000e+06,6.375000000000000000e+03
3.135307000000000000e+06,6.369000000000000000e+03
3.135327000000000000e+06,6.365000000000000000e+03
3.135347000000000000e+06,6.371000000000000000e+03
3.135367000000000000e+06,6.371000000000000000e+03
3.135387000000000000e+06,6.373000000000000000e+03
3.135407000000000000e+06,6.363000000000000000e+03
3.135427000000000000e+06,6.367000000000000000e+03
3.135447000000000000e+06,6.361000000000000000e+03
3.135467000000000000e+06,6.364000000000000000e+03
3.135487000000000000e+06,6.355000000000000000e+03
3.135507000000000000e+06,6.355000000000000000e+03
3.135527000000000000e+06,6.358000000000000000e+03
3.135547000000000000e+06,6.356000000000000000e+03
3.135567000000000000e+06,6.356000000000000000e+03
3.135587000000000000e+06,6.371000000000000000e+03
3.135607000000000000e+06,6.390000000000000000e+03
3.135627000000000000e+06,6.401000000000000000e+03
3.135647000000000000e+06,6.408000000000000000e+03
3.135667000000000000e+06,6.406000000000000000e+03
3.135687000000000000e+06,6.403000000000000000e+03
3.135707000000000000e+06,6.386000000000000000e+03
3.135727000000000000e+06,6.386000000000000000e+03
3.135747000000000000e+06,6.374000000000000000e+03
3.135767000000000000e+06,6.379000000000000000e+03
3.135787000000000000e+06,6.369000000000000000e+03
3.135807000000000000e+06,6.374000000000000000e+03
3.135827000000000000e+06,6.360000000000000000e+03
3.135847000000000000e+06,6.376000000000000000e+03
3.135867000000000000e+06,6.365000000000000000e+03
3.135887000000000000e+06,6.381000000000000000e+03
3.135907000000000000e+06,6.367000000000000000e+03
3.135927000000000000e+06,6.383000000000000000e+03
3.135947000000000000e+06,6.369000000000000000e+03
3.135967000000000000e+06,6.373000000000000000e+03
3.135987000000000000e+06,6.361000000000000000e+03
3.136007000000000000e+06,6.370000000000000000e+03
3.136027000000000000e+06,6.362000000000000000e+03
3.136047000000000000e+06,6.362000000000000000e+03
3.136067000000000000e+06,6.353000000000000000e+03
3.136087000000000000e+06,6.362000000000000000e+03
3.136107000000000000e+06,6.340000000000000000e+03
3.136127000000000000e+06,6.361000000000000000e+03
3.136147000000000000e+06,6.356000000000000000e+03
3.136167000000000000e+06,6.387000000000000000e+03
3.136187000000000000e+06,6.387000000000000000e+03
3.136207000000000000e+06,6.394000000000000000e+03
3.136227000000000000e+06,6.395000000000000000e+03
3.136247000000000000e+06,6.388000000000000000e+03
3.136267000000000000e+06,6.380000000000000000e+03
3.136287000000000000e+06,6.372000000000000000e+03
3.136307000000000000e+06,6.362000000000000000e+03
3.136327000000000000e+06,6.363000000000000000e+03
3.136347000000000000e+06,6.353000000000000000e+03
3.136367000000000000e+06,6.353000000000000000e+03
3.136387000000000000e+06,6.346000000000000000e+03
3.136407000000000000e+06,6.356000000000000000e+03
3.136427000000000000e+06,6.350000000000000000e+03
3.136447000000000000e+06,6.358000000000000000e+03
3.136467000000000000e+06,6.357000000000000000e+03
3.136487000000000000e+06,6.361000000000000000e+03
3.136507000000000000e+06,6.358000000000000000e+03
3.136527000000000000e+06,6.352000000000000000e+03
3.136547000000000000e+06,6.352000000000000000e+03
3.136567000000000000e+06,6.350000000000000000e+03
3.136587000000000000e+06,6.348000000000000000e+03
3.136607000000000000e+06,6.344000000000000000e+03
3.136627000000000000e+06,6.337000000000000000e+03
3.136647000000000000e+06,6.333000000000000000e+03
3.136667000000000000e+06,6.339000000000000000e+03
3.136687000000000000e+06,6.332000000000000000e+03
3.136707000000000000e+06,6.333000000000000000e+03
3.136727000000000000e+06,6.361000000000000000e+03
3.136747000000000000e+06,6.374000000000000000e+03
3.136767000000000000e+06,6.379000000000000000e+03
3.136787000000000000e+06,6.392000000000000000e+03
3.136807000000000000e+06,6.382000000000000000e+03
3.136827000000000000e+06,6.380000000000000000e+03
3.136847000000000000e+06,6.373000000000000000e+03
3.136867000000000000e+06,6.373000000000000000e+03
3.136887000000000000e+06,6.365000000000000000e+03
3.136914000000000000e+06,6.348000000000000000e+03
3.136927000000000000e+06,6.343000000000000000e+03
3.136947000000000000e+06,6.341000000000000000e+03
3.136967000000000000e+06,6.346000000000000000e+03
3.136987000000000000e+06,6.348000000000000000e+03
3.137007000000000000e+06,6.347000000000000000e+03
3.137027000000000000e+06,6.353000000000000000e+03
3.137047000000000000e+06,6.354000000000000000e+03
3.137067000000000000e+06,6.352000000000000000e+03
3.137087000000000000e+06,6.349000000000000000e+03
3.137107000000000000e+06,6.358000000000000000e+03
3.137127000000000000e+06,6.352000000000000000e+03
3.137147000000000000e+06,6.355000000000000000e+03
3.137167000000000000e+06,6.339000000000000000e+03
3.137187000000000000e+06,6.345000000000000000e+03
3.137207000000000000e+06,6.338000000000000000e+03
3.137227000000000000e+06,6.337000000000000000e+03
3.137247000000000000e+06,6.335000000000000000e+03
3.137267000000000000e+06,6.336000000000000000e+03
3.137287000000000000e+06,6.347000000000000000e+03
3.137307000000000000e+06,6.359000000000000000e+03
3.137327000000000000e+06,6.381000000000000000e+03
3.137347000000000000e+06,6.385000000000000000e+03
3.137367000000000000e+06,6.392000000000000000e+03
3.137387000000000000e+06,6.394000000000000000e+03
3.137407000000000000e+06,6.372000000000000000e+03
3.137427000000000000e+06,6.379000000000000000e+03
3.137447000000000000e+06,6.359000000000000000e+03
3.137467000000000000e+06,6.365000000000000000e+03
3.137487000000000000e+06,6.347000000000000000e+03
3.137507000000000000e+06,6.349000000000000000e+03
3.137527000000000000e+06,6.345000000000000000e+03
3.137547000000000000e+06,6.346000000000000000e+03
3.137567000000000000e+06,6.349000000000000000e+03
3.137587000000000000e+06,6.352000000000000000e+03
3.137607000000000000e+06,6.355000000000000000e+03
3.137627000000000000e+06,6.355000000000000000e+03
3.137647000000000000e+06,6.358000000000000000e+03
3.137667000000000000e+06,6.358000000000000000e+03
3.137687000000000000e+06,6.353000000000000000e+03
3.137707000000000000e+06,6.348000000000000000e+03
3.137727000000000000e+06,6.346000000000000000e+03
3.137747000000000000e+06,6.350000000000000000e+03
3.137767000000000000e+06,6.342000000000000000e+03
3.137787000000000000e+06,6.344000000000000000e+03
3.137807000000000000e+06,6.342000000000000000e+03
3.137827000000000000e+06,6.341000000000000000e+03
3.137847000000000000e+06,6.340000000000000000e+03
3.137867000000000000e+06,6.340000000000000000e+03
3.137887000000000000e+06,6.353000000000000000e+03
3.137907000000000000e+06,6.367000000000000000e+03
3.137927000000000000e+06,6.398000000000000000e+03
3.137947000000000000e+06,6.401000000000000000e+03
3.137967000000000000e+06,6.399000000000000000e+03
3.137987000000000000e+06,6.395000000000000000e+03
3.138007000000000000e+06,6.382000000000000000e+03
3.138027000000000000e+06,6.385000000000000000e+03
3.138047000000000000e+06,6.368000000000000000e+03
3.138067000000000000e+06,6.370000000000000000e+03
3.138087000000000000e+06,6.359000000000000000e+03
3.138107000000000000e+06,6.351000000000000000e+03
3.138127000000000000e+06,6.348000000000000000e+03
3.138147000000000000e+06,6.348000000000000000e+03
3.138167000000000000e+06,6.360000000000000000e+03
3.138187000000000000e+06,6.355000000000000000e+03
3.138207000000000000e+06,6.368000000000000000e+03
3.138227000000000000e+06,6.363000000000000000e+03
3.138247000000000000e+06,6.363000000000000000e+03
3.138267000000000000e+06,6.367000000000000000e+03
3.138287000000000000e+06,6.365000000000000000e+03
3.138307000000000000e+06,6.361000000000000000e+03
3.138327000000000000e+06,6.358000000000000000e+03
3.138347000000000000e+06,6.360000000000000000e+03
3.138367000000000000e+06,6.359000000000000000e+03
3.138387000000000000e+06,6.359000000000000000e+03
3.138407000000000000e+06,6.356000000000000000e+03
3.138427000000000000e+06,6.358000000000000000e+03
3.138447000000000000e+06,6.356000000000000000e+03
3.138467000000000000e+06,6.364000000000000000e+03
3.138487000000000000e+06,6.389000000000000000e+03
3.138507000000000000e+06,6.396000000000000000e+03
3.138527000000000000e+06,6.412000000000000000e+03
3.138547000000000000e+06,6.417000000000000000e+03
3.138567000000000000e+06,6.406000000000000000e+03
3.138587000000000000e+06,6.408000000000000000e+03
3.138607000000000000e+06,6.391000000000000000e+03
3.138627000000000000e+06,6.403000000000000000e+03
3.138647000000000000e+06,6.375000000000000000e+03
3.138667000000000000e+06,6.386000000000000000e+03
3.138687000000000000e+06,6.362000000000000000e+03
3.138707000000000000e+06,6.378000000000000000e+03
3.138727000000000000e+06,6.366000000000000000e+03
3.138747000000000000e+06,6.377000000000000000e+03
3.138767000000000000e+06,6.373000000000000000e+03
3.138787000000000000e+06,6.387000000000000000e+03
3.138807000000000000e+06,6.378000000000000000e+03
3.138827000000000000e+06,6.382000000000000000e+03
3.138847000000000000e+06,6.375000000000000000e+03
3.138867000000000000e+06,6.383000000000000000e+03
3.138887000000000000e+06,6.367000000000000000e+03
3.138914000000000000e+06,6.360000000000000000e+03
3.138927000000000000e+06,6.363000000000000000e+03
3.138947000000000000e+06,6.365000000000000000e+03
3.138967000000000000e+06,6.357000000000000000e+03
3.138987000000000000e+06,6.358000000000000000e+03
3.139007000000000000e+06,6.365000000000000000e+03
3.139027000000000000e+06,6.374000000000000000e+03
3.139047000000000000e+06,6.399000000000000000e+03
3.139067000000000000e+06,6.406000000000000000e+03
3.139087000000000000e+06,6.414000000000000000e+03
3.139107000000000000e+06,6.411000000000000000e+03
3.139127000000000000e+06,6.408000000000000000e+03
3.139147000000000000e+06,6.399000000000000000e+03
3.139167000000000000e+06,6.391000000000000000e+03
3.139187000000000000e+06,6.378000000000000000e+03
3.139207000000000000e+06,6.379000000000000000e+03
3.139227000000000000e+06,6.358000000000000000e+03
3.139247000000000000e+06,6.369000000000000000e+03
3.139267000000000000e+06,6.356000000000000000e+03
3.139287000000000000e+06,6.373000000000000000e+03
3.139307000000000000e+06,6.356000000000000000e+03
3.139327000000000000e+06,6.379000000000000000e+03
3.139347000000000000e+06,6.360000000000000000e+03
3.139367000000000000e+06,6.377000000000000000e+03
3.139387000000000000e+06,6.367000000000000000e+03
3.139407000000000000e+06,6.374000000000000000e+03
3.139427000000000000e+06,6.371000000000000000e+03
3.139447000000000000e+06,6.379000000000000000e+03
3.139467000000000000e+06,6.360000000000000000e+03
3.139487000000000000e+06,6.365000000000000000e+03
3.139507000000000000e+06,6.355000000000000000e+03
3.139527000000000000e+06,6.362000000000000000e+03
3.139547000000000000e+06,6.355000000000000000e+03
3.139567000000000000e+06,6.375000000000000000e+03
3.139587000000000000e+06,6.376000000000000000e+03
3.139607000000000000e+06,6.414000000000000000e+03
3.139627000000000000e+06,6.408000000000000000e+03
3.139647000000000000e+06,6.417000000000000000e+03
3.139667000000000000e+06,6.413000000000000000e+03
3.139687000000000000e+06,6.408000000000000000e+03
3.139707000000000000e+06,6.393000000000000000e+03
3.139727000000000000e+06,6.394000000000000000e+03
3.139747000000000000e+06,6.382000000000000000e+03
3.139767000000000000e+06,6.382000000000000000e+03
3.139787000000000000e+06,6.376000000000000000e+03
3.139807000000000000e+06,6.378000000000000000e+03
3.139827000000000000e+06,6.374000000000000000e+03
3.139847000000000000e+06,6.387000000000000000e+03
3.139867000000000000e+06,6.381000000000000000e+03
3.139887000000000000e+06,6.389000000000000000e+03
3.139907000000000000e+06,6.386000000000000000e+03
3.139927000000000000e+06,6.389000000000000000e+03
3.139947000000000000e+06,6.385000000000000000e+03
3.139967000000000000e+06,6.381000000000000000e+03
3.139987000000000000e+06,6.387000000000000000e+03
3.140007000000000000e+06,6.378000000000000000e+03
3.140027000000000000e+06,6.379000000000000000e+03
3.140047000000000000e+06,6.368000000000000000e+03
3.140067000000000000e+06,6.371000000000000000e+03
3.140087000000000000e+06,6.371000000000000000e+03
3.140107000000000000e+06,6.381000000000000000e+03
3.140127000000000000e+06,6.401000000000000000e+03
3.140147000000000000e+06,6.407000000000000000e+03
3.140167000000000000e+06,6.425000000000000000e+03
3.140187000000000000e+06,6.428000000000000000e+03
3.140207000000000000e+06,6.419000000000000000e+03
3.140227000000000000e+06,6.426000000000000000e+03
3.140247000000000000e+06,6.409000000000000000e+03
3.140267000000000000e+06,6.405000000000000000e+03
3.140287000000000000e+06,6.399000000000000000e+03
3.140307000000000000e+06,6.395000000000000000e+03
3.140327000000000000e+06,6.389000000000000000e+03
3.140347000000000000e+06,6.384000000000000000e+03
3.140367000000000000e+06,6.390000000000000000e+03
3.140387000000000000e+06,6.382000000000000000e+03
3.140407000000000000e+06,6.394000000000000000e+03
3.140427000000000000e+06,6.393000000000000000e+03
3.140447000000000000e+06,6.398000000000000000e+03
3.140467000000000000e+06,6.395000000000000000e+03
3.140487000000000000e+06,6.392000000000000000e+03
3.140507000000000000e+06,6.396000000000000000e+03
3.140527000000000000e+06,6.393000000000000000e+03
3.140547000000000000e+06,6.389000000000000000e+03
3.140567000000000000e+06,6.391000000000000000e+03
3.140587000000000000e+06,6.384000000000000000e+03
3.140607000000000000e+06,6.384000000000000000e+03
3.140627000000000000e+06,6.378000000000000000e+03
3.140647000000000000e+06,6.388000000000000000e+03
3.140667000000000000e+06,6.388000000000000000e+03
3.140687000000000000e+06,6.427000000000000000e+03
3.140707000000000000e+06,6.426000000000000000e+03
3.140727000000000000e+06,6.447000000000000000e+03
3.140747000000000000e+06,6.432000000000000000e+03
3.140767000000000000e+06,6.433000000000000000e+03
3.140787000000000000e+06,6.422000000000000000e+03
3.140807000000000000e+06,6.422000000000000000e+03
3.140827000000000000e+06,6.405000000000000000e+03
3.140847000000000000e+06,6.411000000000000000e+03
3.140867000000000000e+06,6.393000000000000000e+03
3.140887000000000000e+06,6.404000000000000000e+03
3.140914000000000000e+06,6.396000000000000000e+03
3.140927000000000000e+06,6.396000000000000000e+03
3.140947000000000000e+06,6.390000000000000000e+03
3.140967000000000000e+06,6.403000000000000000e+03
3.140987000000000000e+06,6.400000000000000000e+03
3.141007000000000000e+06,6.409000000000000000e+03
3.141027000000000000e+06,6.396000000000000000e+03
3.141047000000000000e+06,6.405000000000000000e+03
3.141067000000000000e+06,6.393000000000000000e+03
3.141087000000000000e+06,6.396000000000000000e+03
3.141107000000000000e+06,6.390000000000000000e+03
3.141127000000000000e+06,6.401000000000000000e+03
3.141147000000000000e+06,6.383000000000000000e+03
3.141167000000000000e+06,6.389000000000000000e+03
3.141187000000000000e+06,6.381000000000000000e+03
3.141207000000000000e+06,6.403000000000000000e+03
3.141227000000000000e+06,6.399000000000000000e+03
3.141247000000000000e+06,6.428000000000000000e+03
3.141267000000000000e+06,6.421000000000000000e+03
3.141287000000000000e+06,6.433000000000000000e+03
3.141307000000000000e+06,6.421000000000000000e+03
3.141327000000000000e+06,6.427000000000000000e+03
3.141347000000000000e+06,6.409000000000000000e+03
3.141367000000000000e+06,6.406000000000000000e+03
3.141387000000000000e+06,6.395000000000000000e+03
3.141407000000000000e+06,6.392000000000000000e+03
3.141427000000000000e+06,6.388000000000000000e+03
3.141447000000000000e+06,6.386000000000000000e+03
3.141467000000000000e+06,6.381000000000000000e+03
3.141487000000000000e+06,6.390000000000000000e+03
3.141507000000000000e+06,6.388000000000000000e+03
3.141527000000000000e+06,6.396000000000000000e+03
3.141547000000000000e+06,6.383000000000000000e+03
3.141567000000000000e+06,6.391000000000000000e+03
3.141587000000000000e+06,6.387000000000000000e+03
3.141607000000000000e+06,6.386000000000000000e+03
3.141627000000000000e+06,6.383000000000000000e+03
3.141647000000000000e+06,6.378000000000000000e+03
3.141667000000000000e+06,6.380000000000000000e+03
3.141687000000000000e+06,6.379000000000000000e+03
3.141707000000000000e+06,6.377000000000000000e+03
3.141727000000000000e+06,6.380000000000000000e+03
3.141747000000000000e+06,6.386000000000000000e+03
3.141767000000000000e+06,6.413000000000000000e+03
3.141787000000000000e+06,6.423000000000000000e+03
3.141807000000000000e+06,6.437000000000000000e+03
3.141827000000000000e+06,6.432000000000000000e+03
3.141847000000000000e+06,6.430000000000000000e+03
3.141867000000000000e+06,6.423000000000000000e+03
3.141887000000000000e+06,6.415000000000000000e+03
3.141907000000000000e+06,6.409000000000000000e+03
3.141927000000000000e+06,6.399000000000000000e+03
3.141947000000000000e+06,6.395000000000000000e+03
3.141967000000000000e+06,6.386000000000000000e+03
3.141987000000000000e+06,6.390000000000000000e+03
3.142007000000000000e+06,6.392000000000000000e+03
3.142027000000000000e+06,6.396000000000000000e+03
3.142047000000000000e+06,6.399000000000000000e+03
3.142067000000000000e+06,6.390000000000000000e+03
3.142087000000000000e+06,6.392000000000000000e+03
3.142107000000000000e+06,6.393000000000000000e+03
3.142127000000000000e+06,6.394000000000000000e+03
3.142147000000000000e+06,6.391000000000000000e+03
3.142167000000000000e+06,6.383000000000000000e+03
3.142187000000000000e+06,6.386000000000000000e+03
3.142207000000000000e+06,6.383000000000000000e+03
3.142227000000000000e+06,6.381000000000000000e+03
3.142247000000000000e+06,6.375000000000000000e+03
3.142267000000000000e+06,6.376000000000000000e+03
3.142287000000000000e+06,6.397000000000000000e+03
3.142307000000000000e+06,6.414000000000000000e+03
3.142327000000000000e+06,6.435000000000000000e+03
3.142347000000000000e+06,6.438000000000000000e+03
3.142367000000000000e+06,6.427000000000000000e+03
3.142387000000000000e+06,6.434000000000000000e+03
3.142407000000000000e+06,6.411000000000000000e+03
3.142427000000000000e+06,6.419000000000000000e+03
3.142447000000000000e+06,6.398000000000000000e+03
3.142467000000000000e+06,6.406000000000000000e+03
3.142487000000000000e+06,6.387000000000000000e+03
3.142507000000000000e+06,6.395000000000000000e+03
3.142527000000000000e+06,6.390000000000000000e+03
3.142547000000000000e+06,6.390000000000000000e+03
3.142567000000000000e+06,6.393000000000000000e+03
3.142587000000000000e+06,6.403000000000000000e+03
3.142607000000000000e+06,6.396000000000000000e+03
3.142627000000000000e+06,6.398000000000000000e+03
3.142647000000000000e+06,6.384000000000000000e+03
3.142667000000000000e+06,6.398000000000000000e+03
3.142687000000000000e+06,6.385000000000000000e+03
3.142707000000000000e+06,6.393000000000000000e+03
3.142727000000000000e+06,6.380000000000000000e+03
3.142747000000000000e+06,6.391000000000000000e+03
3.142767000000000000e+06,6.379000000000000000e+03
3.142787000000000000e+06,6.393000000000000000e+03
3.142807000000000000e+06,6.374000000000000000e+03
3.142827000000000000e+06,6.376000000000000000e+03
3.142847000000000000e+06,6.383000000000000000e+03
3.142867000000000000e+06,6.398000000000000000e+03
3.142887000000000000e+06,6.427000000000000000e+03
3.142914000000000000e+06,6.452000000000000000e+03
3.142927000000000000e+06,6.451000000000000000e+03
3.142947000000000000e+06,6.449000000000000000e+03
3.142967000000000000e+06,6.443000000000000000e+03
3.142987000000000000e+06,6.439000000000000000e+03
3.143007000000000000e+06,6.427000000000000000e+03
3.143027000000000000e+06,6.424000000000000000e+03
3.143047000000000000e+06,6.414000000000000000e+03
3.143067000000000000e+06,6.407000000000000000e+03
3.143087000000000000e+06,6.408000000000000000e+03
3.143107000000000000e+06,6.409000000000000000e+03
3.143127000000000000e+06,6.410000000000000000e+03
3.143147000000000000e+06,6.410000000000000000e+03
3.143167000000000000e+06,6.410000000000000000e+03
3.143187000000000000e+06,6.414000000000000000e+03
3.143207000000000000e+06,6.413000000000000000e+03
3.143227000000000000e+06,6.413000000000000000e+03
3.143247000000000000e+06,6.412000000000000000e+03
3.143267000000000000e+06,6.414000000000000000e+03
3.143287000000000000e+06,6.403000000000000000e+03
3.143307000000000000e+06,6.401000000000000000e+03
3.143327000000000000e+06,6.398000000000000000e+03
3.143347000000000000e+06,6.393000000000000000e+03
3.143367000000000000e+06,6.387000000000000000e+03
3.143387000000000000e+06,6.392000000000000000e+03
3.143407000000000000e+06,6.386000000000000000e+03
3.143428000000000000e+06,6.389000000000000000e+03
3.143448000000000000e+06,6.386000000000000000e+03
3.143468000000000000e+06,6.398000000000000000e+03
3.143488000000000000e+06,6.428000000000000000e+03
3.143508000000000000e+06,6.436000000000000000e+03
3.143528000000000000e+06,6.450000000000000000e+03
3.143548000000000000e+06,6.449000000000000000e+03
3.143568000000000000e+06,6.444000000000000000e+03
3.143588000000000000e+06,6.439000000000000000e+03
3.143608000000000000e+06,6.422000000000000000e+03
3.143628000000000000e+06,6.415000000000000000e+03
3.143648000000000000e+06,6.403000000000000000e+03
3.143668000000000000e+06,6.403000000000000000e+03
3.143688000000000000e+06,6.394000000000000000e+03
3.143708000000000000e+06,6.395000000000000000e+03
3.143728000000000000e+06,6.400000000000000000e+03
3.143748000000000000e+06,6.404000000000000000e+03
3.143768000000000000e+06,6.405000000000000000e+03
3.143788000000000000e+06,6.408000000000000000e+03
3.143808000000000000e+06,6.408000000000000000e+03
3.143828000000000000e+06,6.408000000000000000e+03
3.143848000000000000e+06,6.401000000000000000e+03
3.143868000000000000e+06,6.405000000000000000e+03
3.143888000000000000e+06,6.397000000000000000e+03
3.143908000000000000e+06,6.398000000000000000e+03
3.143928000000000000e+06,6.395000000000000000e+03
3.143948000000000000e+06,6.392000000000000000e+03
3.143968000000000000e+06,6.382000000000000000e+03
3.143988000000000000e+06,6.388000000000000000e+03
3.144008000000000000e+06,6.391000000000000000e+03
3.144028000000000000e+06,6.390000000000000000e+03
3.144048000000000000e+06,6.418000000000000000e+03
3.144068000000000000e+06,6.430000000000000000e+03
3.144088000000000000e+06,6.453000000000000000e+03
3.144108000000000000e+06,6.445000000000000000e+03
3.144128000000000000e+06,6.442000000000000000e+03
3.144148000000000000e+06,6.438000000000000000e+03
3.144168000000000000e+06,6.425000000000000000e+03
3.144188000000000000e+06,6.420000000000000000e+03
3.144208000000000000e+06,6.409000000000000000e+03
3.144228000000000000e+06,6.406000000000000000e+03
3.144248000000000000e+06,6.407000000000000000e+03
3.144268000000000000e+06,6.396000000000000000e+03
3.144288000000000000e+06,6.409000000000000000e+03
3.144308000000000000e+06,6.402000000000000000e+03
3.144328000000000000e+06,6.410000000000000000e+03
3.144348000000000000e+06,6.404000000000000000e+03
3.144368000000000000e+06,6.414000000000000000e+03
3.144388000000000000e+06,6.402000000000000000e+03
3.144408000000000000e+06,6.408000000000000000e+03
3.144428000000000000e+06,6.400000000000000000e+03
3.144448000000000000e+06,6.405000000000000000e+03
3.144468000000000000e+06,6.394000000000000000e+03
3.144488000000000000e+06,6.402000000000000000e+03
3.144508000000000000e+06,6.398000000000000000e+03
3.144528000000000000e+06,6.391000000000000000e+03
3.144548000000000000e+06,6.390000000000000000e+03
3.144568000000000000e+06,6.391000000000000000e+03
3.144588000000000000e+06,6.386000000000000000e+03
3.144608000000000000e+06,6.393000000000000000e+03
3.144628000000000000e+06,6.410000000000000000e+03
3.144648000000000000e+06,6.439000000000000000e+03
3.144668000000000000e+06,6.441000000000000000e+03
3.144688000000000000e+06,6.455000000000000000e+03
3.144708000000000000e+06,6.446000000000000000e+03
3.144728000000000000e+06,6.436000000000000000e+03
3.144748000000000000e+06,6.432000000000000000e+03
3.144768000000000000e+06,6.421000000000000000e+03
3.144788000000000000e+06,6.416000000000000000e+03
3.144808000000000000e+06,6.412000000000000000e+03
3.144828000000000000e+06,6.404000000000000000e+03
3.144848000000000000e+06,6.404000000000000000e+03
3.144868000000000000e+06,6.401000000000000000e+03
3.144888000000000000e+06,6.404000000000000000e+03
3.144914000000000000e+06,6.413000000000000000e+03
3.144928000000000000e+06,6.415000000000000000e+03
3.144948000000000000e+06,6.411000000000000000e+03
3.144968000000000000e+06,6.407000000000000000e+03
3.144988000000000000e+06,6.409000000000000000e+03
3.145008000000000000e+06,6.408000000000000000e+03
3.145028000000000000e+06,6.403000000000000000e+03
3.145048000000000000e+06,6.394000000000000000e+03
3.145068000000000000e+06,6.400000000000000000e+03
3.145088000000000000e+06,6.395000000000000000e+03
3.145108000000000000e+06,6.394000000000000000e+03
3.145128000000000000e+06,6.386000000000000000e+03
3.145148000000000000e+06,6.390000000000000000e+03
3.145168000000000000e+06,6.387000000000000000e+03
3.145188000000000000e+06,6.385000000000000000e+03
3.145208000000000000e+06,6.401000000000000000e+03
3.145228000000000000e+06,6.408000000000000000e+03
3.145248000000000000e+06,6.437000000000000000e+03
3.145268000000000000e+06,6.442000000000000000e+03
3.145288000000000000e+06,6.440000000000000000e+03
3.145308000000000000e+06,6.446000000000000000e+03
3.145328000000000000e+06,6.426000000000000000e+03
3.145348000000000000e+06,6.429000000000000000e+03
3.145368000000000000e+06,6.409000000000000000e+03
3.145388000000000000e+06,6.411000000000000000e+03
3.145408000000000000e+06,6.399000000000000000e+03
3.145428000000000000e+06,6.402000000000000000e+03
3.145448000000000000e+06,6.394000000000000000e+03
3.145468000000000000e+06,6.394000000000000000e+03
3.145488000000000000e+06,6.401000000000000000e+03
3.145508000000000000e+06,6.409000000000000000e+03
3.145528000000000000e+06,6.401000000000000000e+03
3.145548000000000000e+06,6.405000000000000000e+03
3.145568000000000000e+06,6.397000000000000000e+03
3.145588000000000000e+06,6.403000000000000000e+03
3.145608000000000000e+06,6.390000000000000000e+03
3.145628000000000000e+06,6.389000000000000000e+03
3.145648000000000000e+06,6.387000000000000000e+03
3.145668000000000000e+06,6.391000000000000000e+03
3.145688000000000000e+06,6.384000000000000000e+03
3.145708000000000000e+06,6.382000000000000000e+03
3.145728000000000000e+06,6.376000000000000000e+03
3.145748000000000000e+06,6.378000000000000000e+03
3.145768000000000000e+06,6.372000000000000000e+03
3.145788000000000000e+06,6.373000000000000000e+03
3.145808000000000000e+06,6.372000000000000000e+03
3.145828000000000000e+06,6.373000000000000000e+03
3.145848000000000000e+06,6.401000000000000000e+03
3.145868000000000000e+06,6.412000000000000000e+03
3.145888000000000000e+06,6.430000000000000000e+03
3.145908000000000000e+06,6.435000000000000000e+03
3.145928000000000000e+06,6.433000000000000000e+03
3.145948000000000000e+06,6.433000000000000000e+03
3.145968000000000000e+06,6.419000000000000000e+03
3.145988000000000000e+06,6.413000000000000000e+03
3.146008000000000000e+06,6.408000000000000000e+03
3.146028000000000000e+06,6.397000000000000000e+03
3.146048000000000000e+06,6.392000000000000000e+03
3.146068000000000000e+06,6.395000000000000000e+03
3.146088000000000000e+06,6.397000000000000000e+03
3.146108000000000000e+06,6.394000000000000000e+03
3.146128000000000000e+06,6.400000000000000000e+03
3.146148000000000000e+06,6.401000000000000000e+03
3.146168000000000000e+06,6.401000000000000000e+03
3.146188000000000000e+06,6.399000000000000000e+03
3.146208000000000000e+06,6.391000000000000000e+03
3.146228000000000000e+06,6.393000000000000000e+03
3.146248000000000000e+06,6.396000000000000000e+03
3.146268000000000000e+06,6.388000000000000000e+03
3.146288000000000000e+06,6.386000000000000000e+03
3.146308000000000000e+06,6.380000000000000000e+03
3.146328000000000000e+06,6.378000000000000000e+03
3.146348000000000000e+06,6.378000000000000000e+03
3.146368000000000000e+06,6.370000000000000000e+03
3.146388000000000000e+06,6.372000000000000000e+03
3.146408000000000000e+06,6.372000000000000000e+03
3.146428000000000000e+06,6.377000000000000000e+03
3.146448000000000000e+06,6.412000000000000000e+03
3.146468000000000000e+06,6.415000000000000000e+03
3.146488000000000000e+06,6.427000000000000000e+03
3.146508000000000000e+06,6.430000000000000000e+03
3.146528000000000000e+06,6.421000000000000000e+03
3.146548000000000000e+06,6.417000000000000000e+03
3.146568000000000000e+06,6.412000000000000000e+03
3.146588000000000000e+06,6.405000000000000000e+03
3.146608000000000000e+06,6.391000000000000000e+03
3.146628000000000000e+06,6.390000000000000000e+03
3.146648000000000000e+06,6.388000000000000000e+03
3.146668000000000000e+06,6.384000000000000000e+03
3.146688000000000000e+06,6.385000000000000000e+03
3.146708000000000000e+06,6.386000000000000000e+03
3.146728000000000000e+06,6.389000000000000000e+03
3.146748000000000000e+06,6.387000000000000000e+03
3.146768000000000000e+06,6.386000000000000000e+03
3.146788000000000000e+06,6.393000000000000000e+03
3.146808000000000000e+06,6.388000000000000000e+03
3.146828000000000000e+06,6.383000000000000000e+03
3.146848000000000000e+06,6.385000000000000000e+03
3.146868000000000000e+06,6.377000000000000000e+03
3.146888000000000000e+06,6.379000000000000000e+03
3.146914000000000000e+06,6.372000000000000000e+03
3.146928000000000000e+06,6.370000000000000000e+03
3.146948000000000000e+06,6.364000000000000000e+03
3.146968000000000000e+06,6.366000000000000000e+03
3.146988000000000000e+06,6.364000000000000000e+03
3.147008000000000000e+06,6.387000000000000000e+03
3.147028000000000000e+06,6.394000000000000000e+03
3.147048000000000000e+06,6.428000000000000000e+03
3.147068000000000000e+06,6.426000000000000000e+03
3.147088000000000000e+06,6.429000000000000000e+03
3.147108000000000000e+06,6.423000000000000000e+03
3.147128000000000000e+06,6.415000000000000000e+03
3.147148000000000000e+06,6.413000000000000000e+03
3.147168000000000000e+06,6.399000000000000000e+03
3.147188000000000000e+06,6.392000000000000000e+03
3.147208000000000000e+06,6.391000000000000000e+03
3.147228000000000000e+06,6.381000000000000000e+03
3.147248000000000000e+06,6.383000000000000000e+03
3.147268000000000000e+06,6.377000000000000000e+03
3.147288000000000000e+06,6.382000000000000000e+03
3.147308000000000000e+06,6.381000000000000000e+03
3.147328000000000000e+06,6.384000000000000000e+03
3.147348000000000000e+06,6.383000000000000000e+03
3.147368000000000000e+06,6.389000000000000000e+03
3.147388000000000000e+06,6.377000000000000000e+03
3.147408000000000000e+06,6.376000000000000000e+03
3.147428000000000000e+06,6.376000000000000000e+03
3.147448000000000000e+06,6.373000000000000000e+03
3.147468000000000000e+06,6.370000000000000000e+03
3.147488000000000000e+06,6.370000000000000000e+03
3.147508000000000000e+06,6.368000000000000000e+03
3.147528000000000000e+06,6.362000000000000000e+03
3.147548000000000000e+06,6.356000000000000000e+03
3.147568000000000000e+06,6.359000000000000000e+03
3.147588000000000000e+06,6.359000000000000000e+03
3.147608000000000000e+06,6.394000000000000000e+03
3.147628000000000000e+06,6.393000000000000000e+03
3.147648000000000000e+06,6.418000000000000000e+03
3.147668000000000000e+06,6.415000000000000000e+03
3.147688000000000000e+06,6.415000000000000000e+03
3.147708000000000000e+06,6.404000000000000000e+03
3.147728000000000000e+06,6.395000000000000000e+03
3.147748000000000000e+06,6.388000000000000000e+03
3.147768000000000000e+06,6.384000000000000000e+03
3.147788000000000000e+06,6.376000000000000000e+03
3.147808000000000000e+06,6.378000000000000000e+03
3.147828000000000000e+06,6.367000000000000000e+03
3.147848000000000000e+06,6.369000000000000000e+03
3.147868000000000000e+06,6.371000000000000000e+03
3.147888000000000000e+06,6.373000000000000000e+03
3.147908000000000000e+06,6.378000000000000000e+03
3.147928000000000000e+06,6.379000000000000000e+03
3.147948000000000000e+06,6.374000000000000000e+03
3.147968000000000000e+06,6.370000000000000000e+03
3.147988000000000000e+06,6.372000000000000000e+03
3.148008000000000000e+06,6.370000000000000000e+03
3.148028000000000000e+06,6.363000000000000000e+03
3.148048000000000000e+06,6.366000000000000000e+03
3.148068000000000000e+06,6.361000000000000000e+03
3.148088000000000000e+06,6.355000000000000000e+03
3.148108000000000000e+06,6.354000000000000000e+03
3.148128000000000000e+06,6.351000000000000000e+03
3.148148000000000000e+06,6.341000000000000000e+03
3.148168000000000000e+06,6.344000000000000000e+03
3.148188000000000000e+06,6.342000000000000000e+03
3.148208000000000000e+06,6.372000000000000000e+03
3.148228000000000000e+06,6.377000000000000000e+03
3.148248000000000000e+06,6.401000000000000000e+03
3.148268000000000000e+06,6.413000000000000000e+03
3.148288000000000000e+06,6.405000000000000000e+03
3.148308000000000000e+06,6.403000000000000000e+03
3.148328000000000000e+06,6.391000000000000000e+03
3.148348000000000000e+06,6.392000000000000000e+03
3.148368000000000000e+06,6.379000000000000000e+03
3.148388000000000000e+06,6.380000000000000000e+03
3.148408000000000000e+06,6.367000000000000000e+03
3.148428000000000000e+06,6.367000000000000000e+03
3.148448000000000000e+06,6.359000000000000000e+03
3.148468000000000000e+06,6.361000000000000000e+03
3.148488000000000000e+06,6.373000000000000000e+03
3.148508000000000000e+06,6.376000000000000000e+03
3.148528000000000000e+06,6.377000000000000000e+03
3.148548000000000000e+06,6.378000000000000000e+03
3.148568000000000000e+06,6.384000000000000000e+03
3.148588000000000000e+06,6.376000000000000000e+03
3.148608000000000000e+06,6.377000000000000000e+03
3.148628000000000000e+06,6.375000000000000000e+03
3.148648000000000000e+06,6.370000000000000000e+03
3.148668000000000000e+06,6.368000000000000000e+03
3.148688000000000000e+06,6.361000000000000000e+03
3.148708000000000000e+06,6.364000000000000000e+03
3.148728000000000000e+06,6.359000000000000000e+03
3.148748000000000000e+06,6.357000000000000000e+03
3.148768000000000000e+06,6.357000000000000000e+03
3.148788000000000000e+06,6.353000000000000000e+03
3.148808000000000000e+06,6.382000000000000000e+03
3.148828000000000000e+06,6.387000000000000000e+03
3.148848000000000000e+06,6.410000000000000000e+03
3.148868000000000000e+06,6.415000000000000000e+03
3.148888000000000000e+06,6.409000000000000000e+03
3.148914000000000000e+06,6.401000000000000000e+03
3.148928000000000000e+06,6.396000000000000000e+03
3.148948000000000000e+06,6.389000000000000000e+03
3.148968000000000000e+06,6.384000000000000000e+03
3.148988000000000000e+06,6.378000000000000000e+03
3.149008000000000000e+06,6.368000000000000000e+03
3.149028000000000000e+06,6.367000000000000000e+03
3.149048000000000000e+06,6.365000000000000000e+03
3.149068000000000000e+06,6.368000000000000000e+03
3.149088000000000000e+06,6.367000000000000000e+03
3.149108000000000000e+06,6.365000000000000000e+03
3.149128000000000000e+06,6.377000000000000000e+03
3.149148000000000000e+06,6.372000000000000000e+03
3.149168000000000000e+06,6.381000000000000000e+03
3.149188000000000000e+06,6.371000000000000000e+03
3.149208000000000000e+06,6.371000000000000000e+03
3.149228000000000000e+06,6.371000000000000000e+03
3.149248000000000000e+06,6.367000000000000000e+03
3.149268000000000000e+06,6.364000000000000000e+03
3.149288000000000000e+06,6.366000000000000000e+03
3.149308000000000000e+06,6.354000000000000000e+03
3.149328000000000000e+06,6.356000000000000000e+03
3.149348000000000000e+06,6.351000000000000000e+03
3.149368000000000000e+06,6.366000000000000000e+03
3.149388000000000000e+06,6.369000000000000000e+03
3.149408000000000000e+06,6.403000000000000000e+03
3.149428000000000000e+06,6.404000000000000000e+03
3.149448000000000000e+06,6.409000000000000000e+03
3.149468000000000000e+06,6.408000000000000000e+03
3.149488000000000000e+06,6.406000000000000000e+03
3.149508000000000000e+06,6.396000000000000000e+03
3.149528000000000000e+06,6.382000000000000000e+03
3.149548000000000000e+06,6.373000000000000000e+03
3.149568000000000000e+06,6.373000000000000000e+03
3.149588000000000000e+06,6.364000000000000000e+03
3.149608000000000000e+06,6.361000000000000000e+03
3.149628000000000000e+06,6.357000000000000000e+03
3.149648000000000000e+06,6.371000000000000000e+03
3.149668000000000000e+06,6.366000000000000000e+03
3.149688000000000000e+06,6.380000000000000000e+03
3.149708000000000000e+06,6.369000000000000000e+03
3.149728000000000000e+06,6.389000000000000000e+03
3.149748000000000000e+06,6.369000000000000000e+03
3.149768000000000000e+06,6.383000000000000000e+03
3.149788000000000000e+06,6.372000000000000000e+03
3.149808000000000000e+06,6.377000000000000000e+03
3.149828000000000000e+06,6.361000000000000000e+03
3.149848000000000000e+06,6.379000000000000000e+03
3.149868000000000000e+06,6.354000000000000000e+03
3.149888000000000000e+06,6.363000000000000000e+03
3.149908000000000000e+06,6.349000000000000000e+03
3.149928000000000000e+06,6.374000000000000000e+03
3.149948000000000000e+06,6.370000000000000000e+03
3.149968000000000000e+06,6.410000000000000000e+03
3.149988000000000000e+06,6.403000000000000000e+03
3.150008000000000000e+06,6.420000000000000000e+03
3.150028000000000000e+06,6.404000000000000000e+03
3.150048000000000000e+06,6.410000000000000000e+03
3.150068000000000000e+06,6.389000000000000000e+03
3.150088000000000000e+06,6.396000000000000000e+03
3.150108000000000000e+06,6.375000000000000000e+03
3.150128000000000000e+06,6.382000000000000000e+03
3.150148000000000000e+06,6.360000000000000000e+03
3.150168000000000000e+06,6.381000000000000000e+03
3.150188000000000000e+06,6.356000000000000000e+03
3.150208000000000000e+06,6.381000000000000000e+03
3.150228000000000000e+06,6.361000000000000000e+03
3.150248000000000000e+06,6.382000000000000000e+03
3.150268000000000000e+06,6.365000000000000000e+03
3.150288000000000000e+06,6.383000000000000000e+03
3.150308000000000000e+06,6.366000000000000000e+03
3.150328000000000000e+06,6.380000000000000000e+03
3.150348000000000000e+06,6.365000000000000000e+03
3.150368000000000000e+06,6.363000000000000000e+03
3.150388000000000000e+06,6.360000000000000000e+03
3.150408000000000000e+06,6.361000000000000000e+03
3.150428000000000000e+06,6.350000000000000000e+03
3.150448000000000000e+06,6.352000000000000000e+03
3.150468000000000000e+06,6.347000000000000000e+03
3.150488000000000000e+06,6.363000000000000000e+03
3.150508000000000000e+06,6.365000000000000000e+03
3.150528000000000000e+06,6.395000000000000000e+03
3.150548000000000000e+06,6.400000000000000000e+03
3.150568000000000000e+06,6.414000000000000000e+03
3.150588000000000000e+06,6.411000000000000000e+03
3.150608000000000000e+06,6.400000000000000000e+03
3.150628000000000000e+06,6.395000000000000000e+03
3.150648000000000000e+06,6.384000000000000000e+03
3.150668000000000000e+06,6.377000000000000000e+03
3.150688000000000000e+06,6.375000000000000000e+03
3.150708000000000000e+06,6.369000000000000000e+03
3.150728000000000000e+06,6.368000000000000000e+03
3.150748000000000000e+06,6.360000000000000000e+03
3.150768000000000000e+06,6.364000000000000000e+03
3.150788000000000000e+06,6.368000000000000000e+03
3.150808000000000000e+06,6.369000000000000000e+03
3.150828000000000000e+06,6.374000000000000000e+03
3.150848000000000000e+06,6.367000000000000000e+03
3.150868000000000000e+06,6.371000000000000000e+03
3.150888000000000000e+06,6.369000000000000000e+03
3.150914000000000000e+06,6.361000000000000000e+03
3.150928000000000000e+06,6.360000000000000000e+03
3.150948000000000000e+06,6.360000000000000000e+03
3.150968000000000000e+06,6.351000000000000000e+03
3.150988000000000000e+06,6.350000000000000000e+03
3.151008000000000000e+06,6.344000000000000000e+03
3.151028000000000000e+06,6.344000000000000000e+03
3.151048000000000000e+06,6.334000000000000000e+03
3.151068000000000000e+06,6.344000000000000000e+03
3.151088000000000000e+06,6.368000000000000000e+03
3.151108000000000000e+06,6.385000000000000000e+03
3.151128000000000000e+06,6.400000000000000000e+03
3.151148000000000000e+06,6.409000000000000000e+03
3.151168000000000000e+06,6.393000000000000000e+03
3.151188000000000000e+06,6.403000000000000000e+03
3.151208000000000000e+06,6.379000000000000000e+03
3.151228000000000000e+06,6.391000000000000000e+03
3.151248000000000000e+06,6.370000000000000000e+03
3.151268000000000000e+06,6.374000000000000000e+03
3.151288000000000000e+06,6.349000000000000000e+03
3.151308000000000000e+06,6.371000000000000000e+03
3.151328000000000000e+06,6.356000000000000000e+03
3.151348000000000000e+06,6.372000000000000000e+03
3.151368000000000000e+06,6.368000000000000000e+03
3.151388000000000000e+06,6.379000000000000000e+03
3.151408000000000000e+06,6.374000000000000000e+03
3.151428000000000000e+06,6.380000000000000000e+03
3.151448000000000000e+06,6.377000000000000000e+03
3.151468000000000000e+06,6.382000000000000000e+03
3.151488000000000000e+06,6.373000000000000000e+03
3.151508000000000000e+06,6.378000000000000000e+03
3.151528000000000000e+06,6.363000000000000000e+03
3.151548000000000000e+06,6.369000000000000000e+03
3.151568000000000000e+06,6.359000000000000000e+03
3.151588000000000000e+06,6.367000000000000000e+03
3.151608000000000000e+06,6.360000000000000000e+03
3.151628000000000000e+06,6.360000000000000000e+03
3.151648000000000000e+06,6.359000000000000000e+03
3.151668000000000000e+06,6.368000000000000000e+03
3.151688000000000000e+06,6.391000000000000000e+03
3.151708000000000000e+06,6.406000000000000000e+03
3.151728000000000000e+06,6.417000000000000000e+03
3.151748000000000000e+06,6.423000000000000000e+03
3.151768000000000000e+06,6.418000000000000000e+03
3.151788000000000000e+06,6.415000000000000000e+03
3.151808000000000000e+06,6.405000000000000000e+03
3.151828000000000000e+06,6.404000000000000000e+03
3.151848000000000000e+06,6.394000000000000000e+03
3.151868000000000000e+06,6.388000000000000000e+03
3.151888000000000000e+06,6.384000000000000000e+03
3.151908000000000000e+06,6.385000000000000000e+03
3.151928000000000000e+06,6.384000000000000000e+03
3.151948000000000000e+06,6.385000000000000000e+03
3.151968000000000000e+06,6.393000000000000000e+03
3.151988000000000000e+06,6.397000000000000000e+03
3.152008000000000000e+06,6.396000000000000000e+03
3.152028000000000000e+06,6.392000000000000000e+03
3.152048000000000000e+06,6.395000000000000000e+03
3.152068000000000000e+06,6.392000000000000000e+03
3.152088000000000000e+06,6.387000000000000000e+03
3.152108000000000000e+06,6.386000000000000000e+03
3.152128000000000000e+06,6.387000000000000000e+03
3.152148000000000000e+06,6.383000000000000000e+03
3.152168000000000000e+06,6.377000000000000000e+03
3.152188000000000000e+06,6.374000000000000000e+03
3.152208000000000000e+06,6.375000000000000000e+03
3.152228000000000000e+06,6.371000000000000000e+03
3.152248000000000000e+06,6.392000000000000000e+03
3.152268000000000000e+06,6.404000000000000000e+03
3.152288000000000000e+06,6.422000000000000000e+03
3.152308000000000000e+06,6.429000000000000000e+03
3.152328000000000000e+06,6.426000000000000000e+03
3.152348000000000000e+06,6.425000000000000000e+03
3.152368000000000000e+06,6.415000000000000000e+03
3.152388000000000000e+06,6.412000000000000000e+03
3.152408000000000000e+06,6.403000000000000000e+03
3.152428000000000000e+06,6.395000000000000000e+03
3.152448000000000000e+06,6.386000000000000000e+03
3.152468000000000000e+06,6.383000000000000000e+03
3.152488000000000000e+06,6.385000000000000000e+03
3.152508000000000000e+06,6.387000000000000000e+03
3.152528000000000000e+06,6.392000000000000000e+03
3.152548000000000000e+06,6.391000000000000000e+03
3.152568000000000000e+06,6.398000000000000000e+03
3.152588000000000000e+06,6.384000000000000000e+03
3.152608000000000000e+06,6.390000000000000000e+03
3.152628000000000000e+06,6.384000000000000000e+03
3.152648000000000000e+06,6.389000000000000000e+03
3.152668000000000000e+06,6.380000000000000000e+03
3.152688000000000000e+06,6.383000000000000000e+03
3.152708000000000000e+06,6.373000000000000000e+03
3.152728000000000000e+06,6.377000000000000000e+03
3.152748000000000000e+06,6.366000000000000000e+03
3.152768000000000000e+06,6.367000000000000000e+03
3.152788000000000000e+06,6.360000000000000000e+03
3.152808000000000000e+06,6.380000000000000000e+03
3.152828000000000000e+06,6.386000000000000000e+03
3.152848000000000000e+06,6.418000000000000000e+03
3.152868000000000000e+06,6.420000000000000000e+03
3.152888000000000000e+06,6.423000000000000000e+03
3.152915000000000000e+06,6.419000000000000000e+03
3.152928000000000000e+06,6.408000000000000000e+03
3.152948000000000000e+06,6.399000000000000000e+03
